1000 9889
711 707
289 22
643 931
346 33
368 553
539 882
497 139
8 746
595 558
669 203
600 920
498 823
1000 77
824 251
623 245
471 616
195 402
35 913
454 997
494 426
96 981
777 404
544 377
946 517
251 179
882 883
351 244
557 841
549 841
145 115
113 263
131 964
196 858
969 734
631 882
448 91
250 219
269 99
719 479
683 669
173 455
966 12
614 478
1 638
553 216
460 865
184 789
309 936
18 583
165 692
154 135
373 305
728 800
512 797
641 703
902 851
36 167
516 617
81 586
136 789
391 199
829 687
567 174
415 205
422 859
370 616
575 12
343 319
291 320
898 296
646 714
243 123
978 250
104 659
327 773
710 717
626 520
110 393
256 104
427 913
335 568
881 510
309 413
153 70
917 222
815 935
945 685
711 790
713 601
860 280
82 632
565 893
821 483
203 916
648 615
385 583
392 293
873 812
210 124
752 683
143 56
221 808
517 779
367 990
501 584
588 166
265 394
394 622
414 613
308 488
716 477
882 949
476 840
955 835
83 808
483 66
749 191
450 777
531 16
327 77
166 85
829 267
317 471
302 629
252 524
71 72
403 754
545 813
914 154
826 830
39 575
16 935
357 801
42 235
398 938
679 623
113 444
445 341
156 744
306 61
520 859
608 628
75 585
460 901
374 711
693 901
654 437
469 689
789 402
281 107
796 606
28 752
857 600
315 277
749 922
827 176
896 353
183 133
497 646
576 367
603 582
654 838
785 757
552 264
127 632
537 116
116 207
376 884
784 427
215 133
42 945
275 720
992 334
792 604
902 479
928 678
768 991
699 841
137 288
559 813
211 915
444 841
879 64
853 125
860 228
113 818
384 758
518 41
527 277
270 230
381 545
84 347
167 170
982 21
309 325
469 78
769 630
21 993
808 615
221 558
976 301
740 350
243 862
801 310
592 580
582 537
5 334
78 908
796 79
320 176
250 49
70 951
770 558
2 452
904 952
944 837
199 793
628 957
31 826
773 730
407 972
999 822
891 681
840 645
2 230
40 77
481 77
970 138
396 50
288 683
921 373
282 441
121 151
196 959
89 945
439 125
705 163
944 641
324 163
58 275
662 737
885 334
906 709
304 191
254 183
814 821
716 634
177 272
152 404
932 911
128 252
127 540
521 891
388 678
16 340
418 141
517 655
789 106
115 493
704 606
986 376
253 327
756 354
261 338
445 533
636 264
985 512
15 359
417 60
574 722
940 400
890 655
104 24
958 940
380 189
204 499
556 856
65 915
764 27
72 550
74 963
735 394
717 171
111 428
467 656
178 613
809 165
179 260
677 525
734 566
735 283
113 56
42 244
830 101
100 770
74 677
713 707
94 288
421 80
422 235
672 242
435 475
144 955
967 69
330 922
667 265
696 359
326 486
254 376
335 348
762 1000
65 328
670 831
710 376
110 22
607 128
40 154
259 184
999 858
636 624
810 565
558 815
745 740
541 675
396 470
218 952
701 829
382 10
534 135
992 202
387 570
45 970
194 939
950 643
16 208
166 906
832 850
157 545
233 203
31 24
551 721
556 361
478 795
843 640
615 206
263 181
361 47
935 711
922 510
392 605
580 626
858 496
315 539
7 193
817 766
754 509
527 447
110 204
404 339
501 849
321 459
926 184
693 339
308 247
372 900
989 712
648 588
5 177
501 706
247 482
531 793
623 135
683 50
175 622
88 520
787 496
562 155
591 842
396 236
412 123
622 52
165 285
369 178
549 537
907 776
530 325
237 379
723 716
868 291
304 846
794 413
434 193
877 171
915 370
256 821
387 205
596 437
958 308
27 114
338 184
925 597
285 694
490 696
217 352
638 735
979 404
414 423
662 667
558 984
282 223
982 904
435 503
331 518
885 115
170 904
926 943
214 909
529 199
602 919
254 386
349 438
923 459
211 461
250 557
88 384
75 650
581 140
448 536
457 990
901 885
580 308
102 48
547 133
141 620
471 229
533 858
275 582
831 581
617 841
390 405
432 155
768 837
554 29
693 405
534 751
711 785
195 252
518 179
977 658
81 422
924 638
757 541
642 759
493 177
294 290
21 746
320 745
527 304
216 554
694 771
96 660
540 701
428 691
640 331
750 26
952 77
554 257
111 484
705 875
36 687
797 187
514 947
964 99
825 306
368 387
422 160
226 801
195 998
580 233
937 185
792 596
443 544
793 154
136 408
929 589
269 164
353 275
834 322
710 305
123 649
202 232
776 343
891 652
783 572
516 153
245 7
24 998
84 216
120 847
690 975
932 56
57 407
464 154
157 711
88 412
509 212
699 396
822 240
339 269
984 598
606 717
611 729
650 555
172 411
210 226
305 318
345 889
533 894
349 557
855 359
215 132
789 85
183 426
115 16
833 845
544 792
979 699
484 251
431 988
566 105
691 823
276 239
578 571
81 113
134 5
318 358
177 550
567 369
128 430
682 525
276 862
447 215
933 668
659 132
878 751
830 511
833 393
800 830
782 322
269 405
464 707
307 143
824 35
971 148
631 651
591 947
51 146
329 468
995 107
902 725
190 715
461 638
122 5
217 303
382 595
97 961
4 139
323 296
616 483
279 333
429 898
614 572
37 205
564 443
75 999
386 70
779 997
981 407
785 148
662 818
776 593
927 330
819 341
805 810
185 689
675 703
493 67
743 18
185 546
666 83
353 852
893 850
470 525
839 652
44 441
606 681
2 811
210 198
764 737
824 822
970 604
388 679
222 626
63 999
46 531
585 355
310 132
721 867
674 443
604 184
21 320
757 450
229 173
177 578
520 238
152 256
815 719
431 726
214 194
217 734
351 367
81 383
601 576
928 272
758 740
990 562
599 330
433 807
877 932
7 750
972 120
576 689
77 604
5 399
333 562
756 971
299 750
618 960
747 139
695 836
574 111
448 339
194 331
583 999
677 366
478 19
501 210
347 380
706 321
209 927
729 224
397 136
862 68
19 618
947 198
163 343
883 708
847 289
353 37
151 494
16 51
805 893
438 894
168 142
551 717
188 849
690 47
141 357
179 526
50 801
125 379
733 124
786 62
93 989
618 172
380 687
770 409
185 943
276 466
405 178
709 132
664 827
183 381
439 919
172 242
376 941
654 942
693 524
718 29
651 100
751 168
129 850
424 862
371 739
467 992
176 467
788 58
241 307
26 929
751 957
403 572
742 528
599 249
105 621
308 22
185 325
834 42
467 687
303 285
450 803
35 915
990 697
208 753
503 918
321 54
123 398
752 510
56 325
9 881
748 778
820 399
861 549
922 603
425 897
506 220
911 737
145 2
700 321
706 677
100 660
997 972
767 284
568 318
849 903
331 424
335 416
173 453
211 238
123 970
623 905
148 645
75 943
793 712
706 583
619 170
89 639
788 981
222 957
947 448
269 724
666 24
797 818
31 110
658 644
698 937
199 238
58 456
422 857
831 759
380 691
987 477
551 756
898 294
976 586
684 283
975 308
609 759
449 974
313 50
589 402
42 599
560 152
488 131
343 31
293 806
609 685
992 275
920 48
25 972
580 122
546 182
698 493
374 189
143 149
220 1000
186 680
649 304
78 506
468 530
621 692
712 400
51 411
12 947
330 622
904 209
866 415
846 665
953 959
616 234
907 823
565 319
971 120
711 624
772 127
207 570
796 101
874 773
937 201
352 615
710 310
692 838
400 173
18 884
493 534
100 648
781 42
785 175
240 650
496 740
336 841
478 404
139 502
118 642
456 370
664 695
292 216
309 962
975 69
434 95
469 800
3 404
870 244
395 348
917 429
22 259
44 207
932 68
580 297
570 963
626 731
219 851
387 787
889 591
927 149
968 90
757 489
906 912
466 923
659 568
981 592
898 556
385 391
25 936
524 438
910 619
147 381
78 423
525 860
18 261
960 902
341 145
17 699
17 124
75 496
459 106
61 786
651 616
513 591
143 316
290 960
75 90
422 205
243 800
523 690
369 970
776 22
748 850
910 193
986 619
511 948
847 558
204 540
464 881
69 426
397 99
244 896
505 700
526 384
37 349
188 223
766 660
117 539
720 600
370 893
277 287
408 418
616 214
912 18
676 203
684 558
228 706
98 703
245 316
282 310
211 388
672 626
823 145
31 145
15 828
896 550
14 865
36 249
576 478
687 846
134 698
54 973
261 557
580 269
385 193
318 610
673 534
747 389
768 782
386 674
458 940
662 494
974 428
870 333
200 303
437 14
720 422
648 707
854 689
30 407
149 491
835 4
232 111
285 251
488 505
472 542
863 690
169 578
186 608
65 913
233 732
96 309
877 786
717 169
997 393
29 359
433 806
986 186
270 115
881 416
541 204
946 540
622 736
702 33
687 855
523 734
105 803
909 364
643 405
274 304
8 156
395 716
948 272
107 958
403 925
356 859
417 997
828 237
814 296
339 904
452 516
641 950
235 43
128 751
933 422
142 270
814 155
905 733
982 989
606 985
148 593
81 722
635 656
720 440
373 346
67 899
84 803
359 219
969 99
953 870
757 452
157 654
504 406
984 608
89 828
127 732
111 699
348 31
42 862
496 778
560 927
153 31
390 284
376 208
747 323
418 973
935 624
737 233
77 328
25 213
538 546
634 595
229 413
410 537
525 973
824 723
456 247
665 485
480 749
674 365
103 517
289 969
324 658
9 474
506 980
802 9
472 732
695 374
845 165
259 798
133 889
405 516
209 131
446 240
233 773
833 598
381 506
376 763
533 361
548 713
133 923
670 306
69 925
437 693
789 576
47 938
910 492
731 337
34 547
532 294
221 995
460 329
598 35
468 844
363 414
491 357
734 675
879 847
298 271
190 817
339 729
491 498
398 802
330 392
493 672
810 354
23 371
481 312
158 354
356 744
554 879
791 910
586 348
415 650
877 459
329 205
773 528
412 985
157 991
726 528
801 847
269 832
721 150
62 696
728 948
748 652
685 314
83 24
84 839
605 227
382 36
325 719
810 841
871 96
323 662
714 301
774 515
667 625
671 921
294 216
99 780
21 624
443 398
375 587
546 469
595 493
710 704
287 785
867 624
936 541
495 82
962 952
870 442
637 389
417 152
110 383
668 855
979 526
772 917
664 54
114 213
205 234
99 635
9 327
82 631
708 199
730 827
825 997
419 852
216 409
5 36
321 247
138 903
825 199
241 56
556 689
28 792
514 945
786 170
878 444
591 506
697 366
661 779
948 985
575 373
887 423
633 237
467 424
213 148
30 826
770 585
539 268
575 730
317 182
718 307
911 708
817 15
882 628
496 808
364 939
684 805
554 119
648 275
724 486
321 605
31 926
178 510
577 268
132 33
528 328
488 661
876 376
186 533
923 425
619 38
801 949
501 524
736 282
609 12
24 646
816 418
581 110
747 378
96 40
633 375
615 131
908 353
488 962
36 420
607 815
367 458
978 221
941 487
814 655
231 523
310 190
93 550
721 773
3 706
423 501
380 523
725 853
372 483
949 939
587 860
388 995
171 501
711 759
214 309
72 334
219 481
437 90
220 606
522 80
685 644
156 502
854 261
746 498
750 474
916 424
815 666
105 411
143 25
644 466
350 951
334 241
163 109
27 496
561 664
781 679
838 920
900 464
311 824
170 488
99 450
762 654
815 504
110 439
398 248
311 681
493 838
97 741
725 491
764 327
498 687
471 40
174 722
395 675
421 411
476 488
890 12
784 657
326 8
53 704
683 585
482 778
9 618
965 879
141 157
783 530
677 59
553 101
992 963
257 735
945 499
528 293
586 487
988 439
171 887
619 572
771 424
25 478
408 466
376 70
747 201
768 626
438 178
77 466
258 300
926 647
638 141
250 722
824 841
608 992
348 171
367 377
738 639
357 179
722 43
797 539
889 618
11 138
509 841
664 848
721 865
741 366
355 575
10 78
449 550
176 346
158 94
197 764
259 805
592 865
350 625
385 531
102 570
341 850
403 115
958 195
564 529
501 668
484 846
216 484
846 564
274 604
104 313
105 512
237 3
517 209
648 768
167 472
636 207
888 694
716 119
240 184
206 713
424 335
260 221
189 209
669 807
229 752
69 619
285 574
969 597
911 798
532 609
89 512
476 611
781 789
277 894
984 182
910 162
624 877
196 669
296 152
248 625
52 637
899 220
867 336
961 779
710 142
70 105
988 484
53 853
607 274
386 40
114 869
813 655
33 200
157 875
527 637
317 528
528 400
438 239
496 956
850 295
232 722
672 927
582 246
914 820
681 711
314 920
991 806
499 412
392 866
194 690
926 739
239 358
996 611
516 194
10 256
283 796
567 100
148 150
787 493
300 441
237 530
366 206
2 559
756 466
998 307
530 877
345 593
533 406
977 116
337 981
408 308
38 943
938 361
99 687
595 562
299 401
659 918
928 463
825 57
399 74
259 575
208 981
150 936
635 862
337 759
473 471
293 324
665 977
891 185
583 679
623 358
773 91
150 355
844 416
863 452
681 600
244 692
977 577
501 259
654 97
268 740
880 404
697 706
703 508
523 842
799 765
1000 525
179 176
752 222
571 882
628 833
870 642
672 511
984 245
127 191
183 761
311 292
222 129
424 216
188 17
491 160
516 311
900 662
595 342
633 911
854 845
850 376
558 185
780 83
486 116
269 722
258 357
847 37
171 972
188 998
227 856
637 561
653 300
90 566
569 849
827 25
635 26
645 920
262 308
49 185
513 362
327 854
550 830
111 847
662 181
225 472
859 793
682 754
302 452
779 120
508 216
190 147
422 648
172 871
289 69
769 467
366 85
518 182
671 476
379 218
52 300
54 502
962 343
317 126
806 460
844 151
540 696
78 619
142 964
143 437
274 196
574 971
995 681
668 276
483 70
446 350
711 342
622 983
694 544
919 389
296 754
887 49
84 450
472 100
19 345
701 333
387 157
481 746
833 125
106 681
359 713
765 838
623 600
577 112
524 601
942 696
726 851
280 86
973 778
758 32
170 585
634 242
173 406
209 997
801 761
362 465
144 164
992 568
784 852
912 153
72 582
415 510
788 772
98 294
524 782
640 246
211 234
349 407
228 728
689 858
600 331
712 645
555 817
150 347
689 171
637 725
49 84
158 822
586 821
54 999
111 754
666 237
595 193
85 915
600 617
491 712
742 3
121 571
676 661
270 511
972 572
385 276
134 105
194 924
121 676
380 951
16 584
161 374
168 787
354 726
392 487
730 877
562 298
495 734
806 526
937 845
354 585
794 922
501 790
1000 235
747 854
988 596
536 77
721 183
264 692
564 411
531 850
60 844
199 320
735 402
882 66
281 999
156 149
38 209
552 186
378 148
181 759
463 541
619 667
472 64
682 479
83 550
947 977
311 590
778 861
49 603
965 733
801 532
151 275
448 135
486 835
178 16
325 16
947 284
992 947
244 160
870 948
919 665
615 960
905 897
399 671
438 179
497 725
689 215
980 434
818 309
913 731
96 53
701 865
922 375
164 833
376 805
283 819
71 944
664 802
558 322
708 491
600 756
893 945
482 569
661 59
976 931
686 486
975 45
453 641
742 360
398 556
802 82
342 411
897 334
661 285
20 139
461 263
299 436
428 592
30 292
752 664
733 763
5 234
777 129
831 82
308 61
55 768
260 440
579 154
742 762
459 8
976 382
100 782
764 501
417 564
439 224
222 505
830 248
247 862
273 93
130 766
772 49
810 140
965 205
992 64
910 163
218 755
138 349
700 691
109 241
508 956
914 369
827 560
779 949
1000 816
572 228
886 460
446 829
657 418
509 439
109 669
681 292
644 696
175 833
67 901
619 80
19 954
296 725
788 668
174 445
182 103
326 561
440 896
556 470
978 266
46 336
710 843
901 923
538 1000
85 843
945 986
267 178
953 439
133 581
121 755
267 771
509 876
807 389
538 650
354 815
746 297
345 592
508 36
449 997
111 121
683 264
258 885
780 722
789 876
854 974
351 319
996 160
579 88
891 346
100 786
357 362
473 421
327 326
592 989
42 434
351 332
644 69
927 675
397 660
338 940
126 983
566 400
592 251
131 393
482 399
265 371
782 168
17 274
588 79
17 92
442 865
922 567
575 339
126 689
181 592
60 263
540 25
354 36
856 478
875 394
534 551
778 789
619 897
782 885
306 299
258 209
754 574
250 343
325 843
491 163
547 354
892 889
586 60
804 459
171 400
2 93
496 586
17 855
654 589
412 840
269 721
842 277
924 356
864 293
701 718
888 427
338 52
84 688
668 693
839 704
681 546
131 513
6 927
619 346
713 145
181 395
292 532
462 412
909 611
604 93
567 75
590 920
458 844
142 532
901 676
155 782
372 568
251 697
531 603
381 310
533 425
20 220
741 54
29 922
588 431
368 586
744 245
372 734
359 772
667 344
432 731
133 959
753 377
857 299
5 435
178 553
414 761
458 265
982 492
389 566
411 2
86 384
658 1
986 914
238 575
900 454
575 708
264 288
785 369
431 188
895 891
986 517
536 716
443 770
923 28
890 89
231 355
303 886
325 234
205 772
170 858
444 168
649 842
66 662
753 624
112 376
122 589
540 434
465 616
374 728
909 195
936 191
810 664
595 482
245 293
541 792
709 406
429 495
675 491
968 383
767 881
328 30
1 232
917 426
439 826
900 824
461 990
980 526
563 542
582 334
659 863
513 645
538 800
543 49
157 406
493 478
617 954
101 583
641 90
399 382
113 715
833 754
209 184
447 66
893 142
198 972
713 632
498 150
447 211
262 592
1000 123
484 852
838 783
986 50
551 174
868 228
845 333
165 979
265 425
749 241
41 306
350 836
920 715
904 240
744 911
308 438
249 762
657 1000
406 618
159 914
184 326
517 12
60 489
904 95
635 103
890 441
325 539
911 772
532 591
240 237
347 771
41 492
79 556
705 917
152 787
283 59
670 693
984 220
303 52
507 601
571 844
364 70
917 808
809 983
477 865
259 50
445 259
140 375
359 381
477 612
24 808
277 570
779 904
728 80
418 949
400 27
644 822
210 894
193 628
533 730
109 696
525 364
4 799
62 886
766 746
269 648
383 318
888 372
561 306
282 309
882 894
283 532
124 958
361 276
749 889
914 718
763 701
849 639
277 254
461 881
441 636
339 301
795 861
749 778
272 402
811 711
210 194
103 53
750 952
641 388
642 887
93 663
793 193
189 984
122 187
632 36
358 293
229 741
90 911
761 538
485 174
893 33
879 498
807 369
185 226
760 874
294 287
685 742
87 332
73 774
134 263
963 877
195 759
700 776
978 166
977 953
337 54
820 145
74 607
256 512
539 571
186 833
61 819
356 760
912 663
967 179
145 248
717 904
983 219
114 735
632 864
601 151
251 282
344 104
959 626
365 494
368 94
611 490
478 23
886 176
598 228
431 135
473 949
887 286
448 117
265 897
877 484
689 279
364 313
809 92
244 999
942 352
690 201
157 281
326 133
860 145
170 913
726 634
343 578
568 516
988 405
205 605
923 482
652 156
692 685
266 556
176 828
45 489
611 644
788 74
418 968
76 684
29 738
747 469
414 36
642 859
832 629
580 243
195 151
105 361
292 727
8 946
940 235
906 87
689 301
986 345
732 325
533 404
592 688
39 239
959 430
797 287
800 557
618 364
17 981
788 198
972 811
597 208
831 224
65 961
601 567
488 472
307 956
949 117
536 134
609 976
668 387
981 836
194 22
252 256
221 847
772 353
534 768
648 943
846 534
388 106
982 86
235 575
204 384
934 469
463 551
155 286
412 487
164 576
181 558
316 779
833 151
320 334
935 81
674 609
930 727
236 50
386 889
591 531
635 412
784 588
530 96
549 964
243 385
736 821
588 814
221 307
810 496
23 509
124 650
520 165
499 574
338 384
999 885
947 294
914 485
965 932
226 500
112 441
740 855
503 997
448 895
106 887
568 544
328 261
715 659
753 548
301 46
512 787
280 727
262 411
173 116
379 803
201 379
478 873
599 631
945 116
37 444
90 980
185 824
398 403
413 216
977 847
495 460
632 254
6 73
445 743
172 865
599 970
581 715
548 516
462 558
780 759
261 851
56 809
440 72
31 769
242 108
260 339
12 984
470 100
817 719
912 817
694 695
557 641
536 785
220 73
556 684
463 650
13 615
308 357
899 602
437 519
4 126
132 75
812 981
375 351
914 5
98 224
939 474
703 397
535 708
95 988
939 619
397 123
147 620
829 88
13 43
469 601
774 934
4 434
45 730
338 356
780 275
526 347
529 21
182 541
576 40
249 944
68 412
982 792
306 281
917 727
984 684
236 617
159 5
676 798
419 168
115 249
176 83
253 91
292 521
133 523
760 113
266 172
345 749
520 408
475 126
149 241
116 836
121 682
341 601
181 128
699 847
793 262
150 645
862 970
267 987
470 166
987 72
310 991
756 699
498 151
741 41
119 325
446 143
677 909
712 970
313 331
740 102
673 59
345 218
257 691
937 510
611 275
424 222
140 616
338 613
681 817
217 16
873 118
132 47
374 206
856 377
640 586
109 883
627 838
195 854
549 985
970 336
614 867
960 326
177 233
84 198
995 258
149 526
866 112
23 37
979 339
652 411
834 466
924 310
183 803
763 617
231 23
344 969
400 939
878 778
862 399
297 565
763 710
841 176
98 699
7 279
546 711
374 596
428 404
784 80
750 863
254 997
879 569
571 376
405 962
699 872
874 219
802 940
607 767
295 489
488 801
766 84
362 774
881 830
272 546
384 108
681 98
336 373
742 45
859 835
989 476
816 62
92 736
68 987
307 645
90 831
937 798
883 791
788 929
215 901
312 220
901 268
974 338
320 679
392 276
871 766
927 568
324 515
441 809
388 224
225 962
194 51
433 969
488 268
826 444
301 642
159 992
201 818
756 812
43 843
725 283
193 122
85 188
985 454
338 744
741 771
925 730
216 180
953 51
147 710
995 751
481 272
770 524
643 294
865 394
916 882
395 309
364 314
956 918
616 595
268 432
931 752
839 811
610 17
921 426
922 917
163 449
690 89
88 315
417 731
70 255
809 381
849 696
246 486
304 371
979 839
126 166
823 324
921 196
968 297
895 374
629 134
245 941
561 430
335 783
157 571
49 146
732 177
646 737
867 894
337 159
319 283
36 511
699 169
862 935
756 430
519 386
479 705
58 703
359 253
46 560
674 361
417 240
609 644
827 333
447 548
850 870
319 249
731 233
987 3
190 366
377 869
525 783
610 285
472 591
623 28
842 917
403 265
440 429
259 915
649 287
775 331
389 28
318 434
800 669
530 82
218 238
453 901
811 127
63 474
599 244
86 41
512 176
677 602
735 468
557 672
706 250
791 802
427 391
230 106
982 87
506 404
17 647
666 796
868 346
83 898
873 740
782 174
213 507
866 359
494 540
832 443
606 381
255 273
458 245
723 579
669 697
728 235
236 465
183 762
919 38
705 382
541 528
807 879
500 804
128 719
849 423
277 482
127 470
347 927
391 286
853 671
173 226
709 432
306 453
515 139
963 427
574 19
97 456
63 759
430 930
380 601
219 989
366 901
25 4
79 377
279 651
945 107
90 546
825 557
93 685
632 33
405 209
945 943
85 877
143 679
233 58
16 976
96 366
722 238
210 282
980 714
949 943
493 393
370 212
315 573
82 736
409 560
232 141
86 760
20 222
828 885
78 332
714 350
29 920
315 795
618 720
660 925
790 964
114 435
740 67
388 184
544 702
673 30
342 163
218 373
937 385
313 415
113 637
777 359
635 93
853 142
449 216
639 701
643 576
922 521
687 779
264 339
66 835
361 849
857 116
621 243
236 23
863 74
683 976
689 659
621 152
925 563
93 299
539 892
517 345
350 426
339 983
66 613
486 858
32 957
732 646
847 375
44 640
585 956
865 156
918 390
117 199
378 533
917 726
700 202
903 487
896 607
646 974
187 86
324 197
70 481
920 452
404 221
206 33
867 809
651 372
529 592
489 19
896 381
719 991
918 962
98 873
160 696
432 189
253 459
608 249
517 660
158 244
120 384
682 612
936 652
951 695
637 22
16 730
147 128
55 539
96 616
738 923
157 979
223 314
623 197
521 365
43 977
372 931
739 514
860 648
501 422
551 825
436 311
184 328
921 913
938 977
635 121
404 636
660 518
458 186
83 555
523 774
504 596
400 945
434 131
588 992
438 731
425 575
424 117
83 664
389 697
785 108
35 541
382 932
934 847
269 30
867 312
150 13
804 303
295 932
887 602
780 304
303 645
288 674
11 713
49 414
32 679
141 379
736 331
55 149
149 848
280 737
444 428
728 799
969 219
302 887
461 879
137 905
466 199
124 559
895 290
737 192
295 488
119 740
154 920
393 608
853 794
413 893
875 702
474 381
6 244
500 649
487 957
722 182
851 422
210 482
68 964
87 104
414 618
835 334
668 667
704 708
523 184
85 519
217 695
15 364
436 983
750 849
298 99
857 496
25 99
877 781
159 850
18 354
419 993
829 618
674 909
852 701
526 954
817 790
982 72
450 985
34 536
561 870
535 952
259 741
780 213
541 199
778 651
249 465
821 887
75 125
231 821
649 190
407 154
523 725
210 58
89 425
986 985
518 584
122 35
788 748
412 675
202 219
493 868
359 355
287 454
843 350
576 883
490 218
689 564
391 420
987 779
229 675
593 836
813 651
540 325
97 858
767 68
400 904
808 21
496 545
173 253
196 290
200 875
789 467
59 250
352 96
760 349
253 800
385 6
179 84
533 847
202 625
746 114
672 881
505 928
380 788
971 859
328 935
510 435
3 753
1000 754
746 133
417 247
625 926
595 984
337 952
785 976
327 690
55 579
446 68
512 135
470 94
436 90
309 212
721 252
423 876
130 780
403 256
756 914
372 923
674 925
290 914
476 829
757 732
294 106
367 672
377 672
142 14
382 691
860 999
562 647
939 496
899 856
763 212
892 432
587 386
401 1
293 51
777 382
525 585
430 372
307 491
862 155
113 392
801 523
23 511
799 654
691 17
472 345
236 466
273 344
629 293
207 243
303 716
842 62
878 848
760 411
227 638
837 249
749 304
879 914
264 486
899 474
416 524
874 382
782 517
197 235
555 969
771 788
264 545
941 220
549 407
589 682
185 604
202 514
866 637
648 163
504 294
148 199
168 541
889 949
618 29
157 399
773 389
841 826
733 892
302 898
168 684
617 963
345 512
437 208
383 56
688 50
872 303
210 426
282 214
971 677
94 788
553 773
772 545
812 290
411 731
48 703
432 734
90 22
806 448
330 537
169 925
207 893
905 17
322 165
768 311
772 327
901 101
83 816
815 483
88 666
19 236
900 163
630 422
302 637
907 813
251 343
286 602
633 627
351 208
725 67
302 492
683 511
177 498
973 693
390 883
544 123
84 172
601 349
236 423
58 963
642 847
943 210
981 267
340 389
731 892
515 955
808 207
713 641
21 551
444 171
743 257
410 119
726 561
322 13
549 216
933 377
719 296
131 819
371 470
351 660
448 861
984 319
600 335
728 772
505 653
287 77
550 589
570 180
944 364
76 28
34 508
641 268
14 932
278 755
797 897
580 279
874 270
853 773
358 429
713 178
128 232
534 416
595 178
153 331
755 342
185 53
270 690
586 531
167 798
319 840
336 956
358 655
587 851
234 393
570 111
754 126
560 9
581 685
159 603
452 471
589 146
275 438
259 861
134 143
47 666
655 987
103 814
324 553
199 431
953 63
55 907
722 388
172 613
263 702
378 446
379 107
125 579
534 863
481 959
762 536
87 395
860 649
437 744
743 997
14 164
889 843
170 356
709 785
549 696
182 947
833 259
207 484
415 798
503 409
530 23
442 663
120 549
287 493
614 752
959 747
84 55
912 362
415 329
217 466
644 817
361 899
339 99
636 731
396 42
145 750
942 997
874 295
233 437
620 199
245 635
521 784
453 184
419 104
844 831
465 730
11 850
247 318
684 699
831 676
708 305
746 31
656 299
585 411
694 279
567 31
77 303
59 812
554 21
634 936
655 744
512 362
200 198
896 348
534 319
183 391
688 107
673 921
177 746
584 149
841 579
937 796
150 679
688 250
968 52
113 837
132 457
994 489
321 926
642 740
328 584
369 428
188 650
960 841
488 270
364 737
290 540
899 758
699 696
815 554
7 665
928 134
420 546
892 520
283 250
450 841
553 648
683 893
168 641
902 537
291 521
924 97
28 174
412 269
288 259
942 307
117 378
635 501
118 111
434 77
689 481
790 457
104 799
62 420
213 824
822 862
490 735
438 599
684 859
994 223
239 883
516 344
461 607
154 808
526 491
322 883
895 18
54 534
218 896
38 534
496 546
597 644
503 929
900 351
903 302
675 471
849 600
997 672
676 547
522 465
850 66
245 572
357 210
387 395
860 239
842 558
409 681
599 690
508 177
440 337
42 525
287 553
155 806
673 933
397 861
313 54
167 951
495 282
333 395
447 135
560 416
983 702
48 660
927 542
713 646
808 890
401 452
38 819
665 555
777 161
464 356
906 263
981 833
284 407
602 150
603 243
604 552
290 544
312 984
800 862
242 297
782 317
820 112
31 898
497 381
939 354
892 322
30 945
844 477
226 900
246 451
874 808
909 279
217 255
456 897
293 50
776 212
344 246
992 674
867 226
351 925
463 247
377 114
71 274
130 480
939 814
598 481
47 357
144 204
549 183
455 512
923 972
733 442
27 793
581 338
305 991
510 16
538 135
956 154
101 573
482 529
267 359
287 104
953 644
496 303
477 362
901 484
245 766
449 458
512 901
372 247
301 205
124 592
784 297
513 365
805 717
21 62
600 369
979 822
529 763
43 987
493 502
152 50
831 466
580 210
485 146
31 282
738 294
310 839
525 928
761 785
110 240
81 414
686 653
376 686
216 643
33 83
90 100
332 233
371 629
104 88
203 796
351 428
911 14
952 85
695 743
882 938
902 967
852 758
191 388
342 784
638 376
574 95
8 124
618 771
51 190
307 40
717 589
757 544
169 207
978 847
924 425
49 929
286 918
790 518
772 245
478 210
193 322
198 404
771 439
757 834
408 687
925 930
987 965
571 514
553 115
488 564
736 562
438 910
888 749
164 809
559 259
913 312
556 365
163 114
970 846
595 87
188 903
889 886
706 836
943 529
141 567
179 764
774 481
386 446
336 765
888 58
907 192
675 124
608 73
510 377
946 487
140 576
825 696
721 895
738 695
290 300
135 319
176 180
214 476
312 340
590 107
239 123
834 681
906 106
234 537
868 507
194 187
893 379
991 437
424 940
668 599
427 291
26 441
238 163
856 606
394 523
959 555
811 470
599 303
711 305
125 676
835 621
602 352
880 322
553 316
825 455
867 92
613 544
265 536
400 369
273 5
863 168
701 221
773 688
565 459
726 880
796 807
494 820
283 349
343 965
165 785
755 428
637 801
601 379
692 550
456 262
487 998
560 652
499 360
80 966
465 584
905 827
709 485
452 850
250 202
277 137
465 55
463 370
67 573
70 432
608 887
96 497
229 144
983 1000
641 367
628 489
542 953
694 276
641 408
750 338
201 385
25 883
79 416
963 277
730 880
38 731
836 212
209 15
988 791
256 216
719 609
812 453
726 391
251 869
731 63
91 156
89 847
717 64
647 277
265 239
343 1000
177 971
696 837
808 927
113 981
609 968
367 936
621 373
25 548
360 841
259 937
218 299
551 479
809 644
643 522
991 148
938 32
730 476
448 316
571 608
89 62
36 531
952 252
494 519
448 427
428 913
468 934
825 483
754 395
916 910
166 229
479 358
174 752
360 758
274 698
5 570
856 118
88 224
549 957
507 726
311 478
956 913
922 865
64 25
83 295
376 283
283 313
365 669
988 920
832 30
226 293
961 958
675 760
454 349
791 177
813 282
608 747
245 360
763 743
935 779
112 531
909 235
645 797
957 539
529 443
640 438
309 636
149 995
229 309
950 255
236 963
55 409
149 84
632 8
376 838
914 976
665 494
51 538
427 943
245 940
410 659
509 871
993 570
669 447
455 828
17 824
698 465
367 238
579 462
599 915
697 159
551 780
167 381
171 64
657 761
622 227
270 308
878 73
200 592
932 865
4 864
167 148
123 26
290 545
470 107
976 448
5 90
859 413
631 177
820 480
971 84
867 718
886 865
796 25
506 117
880 394
398 805
311 540
481 305
981 132
875 385
549 960
433 646
438 641
644 980
153 535
924 720
389 767
598 375
736 696
164 177
700 451
325 262
260 620
27 875
123 962
109 747
883 680
791 101
351 690
139 450
359 103
842 143
594 988
704 164
267 358
469 788
872 853
49 34
966 695
319 504
723 478
671 902
591 223
152 132
82 445
285 376
547 29
733 890
719 827
741 351
211 528
158 9
145 817
898 576
665 379
444 922
87 18
988 735
573 947
755 365
919 844
902 711
868 948
816 807
751 985
165 454
173 955
231 925
470 491
806 337
70 965
939 304
632 702
963 694
89 197
915 443
611 328
848 886
117 543
942 992
431 101
895 512
602 710
919 496
443 571
631 10
212 372
395 700
422 578
772 246
13 214
913 72
878 528
899 141
94 3
619 864
82 586
641 838
201 991
771 455
301 364
106 964
568 593
655 528
970 109
572 169
5 788
690 28
692 754
611 994
672 504
746 775
184 465
823 137
116 51
267 19
490 232
556 59
370 386
97 346
599 535
157 480
124 629
106 408
515 390
183 268
152 224
371 20
232 462
585 334
749 737
772 850
789 92
223 752
543 335
45 444
263 261
157 258
492 663
718 93
77 107
547 791
169 751
785 926
384 849
105 499
843 525
788 250
898 838
294 327
103 739
82 997
322 20
829 910
398 417
609 796
869 322
636 51
106 984
592 41
703 207
389 61
71 715
752 431
242 449
246 409
394 874
144 585
109 600
200 981
302 270
454 197
809 986
238 732
244 537
26 468
725 214
451 833
658 241
217 423
278 230
724 402
83 266
675 590
288 566
22 251
98 341
62 744
912 251
487 101
443 6
793 648
996 16
50 163
879 980
918 16
576 98
334 347
963 873
211 396
162 728
328 208
973 845
836 120
849 626
850 205
177 445
556 383
837 354
107 589
971 944
633 389
651 226
48 61
489 413
115 958
383 889
955 360
212 553
655 539
457 890
129 845
367 213
48 283
67 9
609 606
940 290
891 436
104 2
893 755
735 319
332 50
78 570
380 554
263 668
588 323
184 9
939 235
812 635
562 866
337 541
337 186
619 469
378 323
964 590
803 840
769 936
414 55
367 649
777 101
661 611
908 713
792 614
460 428
441 512
670 523
543 932
584 968
269 146
551 316
166 282
705 116
498 714
579 591
675 780
434 162
201 693
588 775
807 615
814 449
523 948
873 517
982 523
531 417
423 591
684 853
296 46
259 162
302 4
452 657
628 522
899 82
913 516
123 918
822 638
897 597
680 67
255 189
991 521
637 949
304 375
325 463
823 320
989 120
610 271
951 777
819 553
180 857
145 70
21 183
599 622
266 782
177 473
333 214
484 326
395 511
287 805
897 17
332 914
647 197
831 440
175 778
360 347
366 209
77 162
91 139
389 358
561 797
87 9
405 246
214 372
18 419
219 302
763 140
223 494
940 262
742 958
267 628
277 628
699 617
8 356
483 529
198 555
389 514
933 556
806 298
256 626
21 958
114 591
137 209
191 354
503 140
568 139
161 715
753 177
492 163
536 937
440 663
395 295
1000 342
514 852
880 316
826 702
854 517
723 726
729 41
330 975
640 566
790 632
518 555
297 181
777 355
691 485
752 213
625 345
109 968
700 365
131 58
487 207
398 580
93 372
355 437
610 49
528 356
675 663
503 790
325 18
883 600
168 339
297 625
121 341
763 642
748 342
319 235
153 82
881 535
875 861
750 795
396 722
469 900
73 427
977 622
367 329
538 935
137 966
990 465
486 329
289 643
509 40
42 675
349 735
703 560
101 366
808 214
992 445
849 356
885 558
529 650
569 677
290 414
842 723
437 221
384 967
663 963
590 188
665 747
119 380
108 928
12 838
437 511
77 936
685 553
651 665
178 705
485 451
109 471
146 355
617 284
877 978
204 403
237 51
938 86
761 713
833 340
246 259
963 697
412 81
549 560
644 260
498 560
378 234
469 145
4 10
359 710
415 560
458 21
188 494
49 560
619 867
670 893
648 283
580 862
64 458
126 256
843 67
364 397
883 647
357 596
712 573
123 862
676 216
510 50
516 417
813 353
816 459
763 686
342 283
447 143
663 291
153 46
135 138
671 980
822 320
720 774
921 49
23 561
125 312
504 325
412 966
811 622
335 624
160 700
106 296
785 883
55 369
37 966
543 460
877 626
590 105
204 284
918 544
979 562
104 192
410 891
405 214
860 503
879 85
630 965
557 433
426 181
635 561
341 838
768 200
255 768
91 803
402 842
193 271
260 316
996 102
542 430
321 314
375 107
916 295
819 734
921 993
252 357
695 709
754 131
916 662
494 510
830 116
110 657
807 357
215 544
308 326
958 408
911 770
847 896
723 654
425 951
288 361
911 691
364 188
572 505
443 695
460 623
135 661
635 347
247 913
583 27
571 691
936 468
889 468
87 953
520 866
871 365
339 638
404 226
723 202
628 725
687 476
894 90
720 851
662 42
721 558
279 606
963 505
598 888
408 340
37 664
221 638
724 966
572 714
460 352
550 846
55 292
628 26
702 801
3 577
279 828
49 232
493 723
592 571
77 189
200 344
459 453
100 497
543 305
466 519
765 481
803 668
399 201
169 568
958 888
501 755
742 51
584 269
158 352
159 713
755 292
4 654
242 177
24 410
8 329
426 56
69 928
285 867
17 525
310 734
228 858
24 654
584 747
735 268
575 471
759 410
13 938
914 55
25 810
346 661
347 25
904 97
208 670
526 216
434 208
329 510
238 526
667 258
460 572
868 385
28 216
852 893
175 948
966 141
58 902
4 480
978 567
995 879
139 587
297 237
624 67
495 540
677 961
748 476
452 801
698 697
805 867
992 854
311 254
416 520
922 1
492 649
306 474
804 45
766 963
934 728
69 369
353 797
248 53
232 730
399 760
400 682
497 869
42 839
478 887
935 619
572 807
224 925
138 453
732 61
950 108
55 264
666 709
957 876
449 617
727 378
983 236
675 135
694 97
328 802
882 449
846 92
484 165
911 288
161 142
381 299
846 810
976 789
723 581
119 411
545 352
400 28
450 228
257 933
243 423
195 328
539 767
812 713
359 878
474 24
517 172
510 962
693 189
427 506
288 68
915 417
511 640
593 335
283 713
397 367
878 280
347 720
244 700
62 357
653 702
734 315
926 930
956 849
230 586
602 713
476 462
794 816
725 141
965 670
786 259
218 833
294 554
387 468
482 970
838 55
16 506
970 119
3 132
886 291
10 744
89 581
19 878
974 902
527 718
377 495
20 560
58 367
455 803
611 601
315 116
874 141
508 751
487 658
318 24
48 620
585 455
309 719
880 645
832 568
561 94
671 17
747 439
402 562
148 178
889 554
285 487
737 494
975 604
844 858
159 611
73 998
814 40
296 704
336 925
803 596
398 344
312 153
204 479
998 561
146 352
494 482
220 913
407 395
427 329
947 686
275 935
929 838
27 412
682 173
462 893
843 990
403 324
65 114
179 502
606 435
74 736
776 100
351 220
985 178
438 752
421 840
100 547
152 424
508 908
217 329
606 237
517 324
420 612
350 431
118 923
246 204
1000 992
641 836
967 292
625 469
109 572
735 792
774 920
102 399
199 86
670 909
196 576
842 94
398 720
703 315
657 355
487 464
606 926
314 774
760 298
463 411
836 903
932 324
505 657
215 458
989 191
724 828
174 341
505 514
487 694
344 640
897 958
861 485
241 804
702 955
629 889
386 445
953 630
346 425
418 10
2 717
849 310
655 656
459 935
354 895
850 920
744 427
262 42
836 91
329 457
290 419
777 947
51 202
392 495
747 689
142 543
264 131
271 953
609 560
404 286
407 362
733 751
94 647
313 220
171 138
445 999
801 619
839 56
470 410
910 273
384 625
869 320
138 928
344 601
784 813
646 264
579 823
122 822
917 132
929 772
825 347
728 394
450 656
363 337
454 168
188 284
563 376
800 134
431 232
22 919
645 354
95 319
151 249
660 317
299 810
193 291
849 948
277 579
792 857
62 543
361 140
88 182
791 784
821 722
338 322
690 175
800 269
946 5
362 332
608 556
515 40
572 79
33 292
335 19
641 783
136 731
944 152
935 864
719 185
477 318
577 656
513 392
789 299
965 170
149 61
352 167
208 422
732 457
110 333
989 470
314 350
523 46
814 547
377 55
470 853
493 264
479 905
601 691
964 283
952 323
802 477
971 510
555 255
315 838
851 888
321 261
90 458
402 62
95 453
319 647
268 923
353 176
97 687
504 663
66 226
998 987
553 652
437 633
373 529
696 132
29 386
219 280
716 255
31 877
238 527
921 737
683 910
661 353
412 524
208 558
652 599
869 419
171 894
838 302
625 179
844 667
772 200
504 996
286 892
931 617
754 616
866 46
903 759
939 710
961 770
249 16
839 801
74 109
572 252
154 5
122 369
638 447
189 411
351 744
27 686
366 423
767 208
509 288
990 433
349 471
211 426
267 460
720 816
811 651
900 872
780 134
21 38
208 499
998 206
978 288
550 875
901 551
850 977
614 62
194 941
216 909
712 50
779 415
521 748
122 948
498 503
621 931
327 536
54 368
792 25
190 272
469 65
48 313
251 770
953 10
280 348
264 865
17 607
736 35
533 383
649 402
831 126
523 441
172 553
564 347
582 996
911 54
3 415
962 106
411 784
268 959
622 960
79 168
887 36
249 496
937 329
691 640
173 647
320 325
394 800
951 952
679 489
991 427
938 805
619 1000
726 844
51 68
658 164
131 498
937 107
186 875
601 406
213 984
511 199
113 833
804 364
932 185
148 648
131 611
233 480
766 730
378 763
126 373
272 164
67 90
838 623
112 419
370 699
652 191
409 837
861 111
79 214
874 138
659 986
20 780
979 845
599 524
504 299
328 121
864 27
521 814
428 204
530 932
512 679
6 811
457 548
741 348
430 209
319 138
713 507
732 433
509 776
916 184
428 217
77 68
64 881
124 417
821 325
3 910
564 537
693 187
848 444
631 451
523 340
542 432
907 757
655 883
142 802
595 858
332 116
141 693
317 264
5 259
322 190
413 277
694 654
646 859
641 35
762 624
748 579
255 733
754 236
632 816
706 75
804 972
551 369
772 98
577 222
598 180
467 434
437 802
847 607
460 581
779 791
537 213
549 993
169 493
311 275
61 199
796 798
691 463
377 18
412 535
288 557
161 785
757 255
454 265
662 802
865 150
242 179
279 342
286 598
994 911
455 274
387 721
163 129
984 691
586 171
191 928
903 370
527 450
727 622
156 660
395 91
604 283
988 122
349 688
996 605
851 178
931 202
642 875
770 340
295 339
99 850
356 777
399 465
440 670
992 347
613 293
815 985
617 930
524 474
161 196
842 757
901 640
993 615
817 470
544 899
262 954
450 186
570 219
699 949
607 304
81 510
855 206
217 718
894 560
147 247
204 508
955 668
170 188
209 338
781 844
192 523
190 298
88 716
416 67
517 227
810 575
243 700
89 38
713 956
200 841
43 757
393 454
892 390
144 588
439 404
255 326
569 419
863 7
855 739
651 550
273 249
865 615
347 349
47 59
287 488
490 740
17 252
148 866
121 239
520 149
575 625
248 462
374 274
675 627
583 170
93 186
847 337
174 37
657 445
625 577
387 700
905 831
675 337
70 293
365 983
701 669
711 827
318 867
957 580
603 915
505 684
328 211
923 572
67 718
15 950
847 149
37 436
542 957
552 721
384 99
918 992
243 62
666 36
867 984
135 398
945 774
984 860
803 416
290 85
239 42
738 855
318 883
45 413
756 375
924 523
816 900
212 789
484 18
871 614
985 531
125 768
454 702
591 551
647 273
269 395
976 73
172 582
238 687
570 942
238 835
679 192
39 438
223 149
260 417
759 487
607 615
484 711
513 567
806 156
554 461
793 991
496 189
80 316
339 601
13 936
198 492
644 222
520 452
114 727
441 637
744 866
745 438
969 579
570 674
666 549
938 846
153 654
852 776
924 493
86 448
895 938
861 582
257 760
147 572
510 245
107 192
596 756
701 991
255 190
827 809
644 673
974 936
426 898
478 603
904 526
746 715
755 571
25 384
634 644
214 860
914 810
82 66
486 160
483 698
487 590
660 332
640 591
239 217
276 85
208 387
81 139
689 468
352 779
480 279
864 862
884 273
239 181
929 278
894 366
825 869
698 477
285 35
219 291
385 629
220 332
892 10
360 139
731 396
460 158
660 354
423 297
802 337
159 828
21 955
778 710
318 151
838 990
804 858
986 869
768 464
271 263
38 22
208 749
317 453
526 779
610 904
313 614
248 697
209 725
415 601
484 246
874 676
891 782
196 840
640 952
308 606
457 316
863 236
297 203
939 660
789 904
669 547
853 326
348 424
567 760
416 567
311 318
496 357
226 338
634 87
709 647
430 88
642 320
644 758
371 448
724 68
178 416
509 338
970 964
990 259
873 31
614 415
351 719
905 887
231 933
586 180
990 402
687 406
656 74
658 760
559 793
480 422
387 914
817 89
746 961
846 412
522 510
745 271
138 487
896 263
50 682
90 847
676 714
552 568
63 176
495 325
190 269
546 61
485 383
659 262
879 163
368 523
669 270
955 469
313 126
406 980
722 557
65 854
545 766
198 522
803 948
533 260
936 72
502 956
527 37
790 825
131 998
811 382
351 73
317 489
566 740
326 377
881 246
700 558
791 705
260 159
557 927
752 357
159 731
330 967
114 622
188 489
575 719
559 202
545 936
161 935
515 784
330 86
465 837
389 735
845 488
217 504
993 367
41 810
26 158
853 680
608 514
186 282
616 801
33 891
412 822
783 801
36 122
611 998
371 333
633 34
906 576
836 897
331 831
427 700
541 896
250 709
737 405
219 830
232 419
590 850
227 155
135 421
104 765
910 853
983 801
986 235
328 997
592 594
206 970
393 815
546 383
565 641
293 974
574 593
650 385
600 768
821 344
470 190
915 799
113 851
898 723
605 200
370 66
991 992
638 683
18 486
113 812
60 813
998 723
802 294
138 472
894 896
971 421
772 658
994 542
207 863
192 524
9 74
731 357
358 7
977 997
464 688
137 238
123 469
967 198
735 186
810 15
795 881
522 667
698 928
191 564
268 727
751 588
679 291
558 720
78 926
482 63
123 307
326 500
389 674
877 246
268 309
641 821
456 557
131 119
373 676
465 323
457 69
476 295
306 382
691 252
469 758
376 482
162 613
89 899
572 56
75 752
258 432
97 408
794 110
63 679
64 335
799 243
145 514
314 907
175 867
873 376
513 319
538 922
991 836
374 846
399 391
3 666
386 153
99 990
941 337
580 23
599 789
33 316
640 196
487 779
815 877
851 540
251 888
949 247
826 354
935 388
702 401
777 830
560 442
530 542
512 61
755 297
632 540
968 574
570 990
735 504
906 508
229 515
787 83
8 426
264 52
818 583
665 589
229 660
716 106
990 857
238 930
296 357
259 379
846 733
460 424
977 594
65 56
670 527
673 313
696 134
350 561
593 514
558 748
526 78
671 144
380 454
987 915
201 778
994 217
45 649
482 165
486 869
456 728
516 326
370 770
847 308
923 332
321 530
423 428
14 559
1 412
917 678
923 509
905 858
999 46
323 537
433 73
452 947
254 483
442 233
595 421
429 413
15 868
197 129
514 69
880 525
292 875
495 876
701 529
23 517
245 661
543 210
451 266
294 390
548 535
953 588
291 341
699 48
883 271
976 603
371 35
962 642
361 25
694 245
168 695
668 976
928 653
671 207
143 468
2 546
423 438
869 194
211 1000
910 956
731 225
823 689
886 447
665 275
798 81
693 165
34 994
471 283
403 43
578 743
215 790
631 366
975 776
753 292
769 543
844 245
864 667
95 957
260 390
284 28
857 326
497 375
351 84
543 874
782 182
880 304
191 107
631 61
464 535
975 255
506 126
126 703
902 181
420 802
603 123
985 196
18 773
646 55
335 262
728 98
895 222
201 806
588 694
662 661
131 79
922 846
870 520
602 53
580 746
883 687
349 23
61 387
482 952
23 788
19 883
334 356
693 803
107 424
192 272
606 816
511 436
576 483
650 598
617 537
301 182
709 73
106 30
90 699
219 981
581 15
653 434
767 217
571 41
902 339
595 159
561 83
51 957
343 445
897 113
242 816
719 774
744 434
780 906
251 706
177 731
475 922
974 496
722 377
869 230
923 946
484 68
855 439
437 74
834 718
599 946
731 361
473 286
626 876
916 408
459 287
576 491
657 728
660 933
366 322
431 318
226 721
759 313
815 635
393 206
432 676
381 671
453 598
631 227
557 764
961 275
355 60
319 729
433 666
929 893
969 824
143 303
240 364
916 621
690 684
298 324
62 181
246 438
283 184
125 282
216 197
809 848
921 814
829 397
226 930
66 859
838 741
572 465
923 121
541 426
834 340
853 488
21 70
992 580
331 498
325 275
134 915
239 894
867 405
799 504
106 961
944 282
861 175
831 939
118 696
431 899
512 857
275 805
59 202
25 462
926 516
908 55
859 749
966 261
478 675
488 959
325 276
718 277
828 749
645 993
6 881
466 874
486 361
237 823
202 944
370 270
632 69
577 836
628 177
336 273
615 405
490 568
307 688
987 210
608 173
493 357
77 102
59 743
794 638
651 987
449 711
506 528
158 249
200 399
773 452
902 232
261 240
209 199
930 225
952 281
721 172
171 143
617 339
910 662
185 870
316 631
544 722
511 756
43 870
209 626
812 108
378 155
108 256
330 774
791 631
4 91
332 376
554 151
83 578
339 556
92 780
553 294
991 510
610 945
632 957
1000 638
69 524
285 735
913 158
536 643
32 816
321 747
164 359
121 70
874 524
913 952
967 261
917 881
538 295
773 604
961 980
11 621
585 832
126 288
577 740
406 142
22 348
124 833
287 153
54 700
224 151
496 908
905 910
487 170
582 134
215 491
107 290
897 878
65 312
864 487
900 887
279 602
380 665
73 984
269 608
76 642
496 193
132 892
962 703
305 340
732 85
589 508
885 625
723 266
215 658
50 736
548 359
734 66
238 261
664 860
149 284
778 236
7 853
716 592
589 222
113 749
901 738
320 769
363 869
220 566
829 896
205 166
775 350
688 320
858 176
622 201
859 233
753 459
85 353
334 689
899 767
942 835
765 688
587 688
849 802
130 979
632 763
579 788
925 288
566 562
784 958
592 153
338 551
636 818
714 900
566 685
951 849
331 348
943 445
711 49
839 252
877 329
330 28
350 475
79 699
875 296
362 163
783 469
92 566
40 137
974 652
866 45
923 222
652 432
502 417
732 582
839 802
537 592
884 697
690 78
213 547
822 627
110 833
828 448
794 208
80 920
306 470
20 536
628 309
221 233
611 545
560 573
301 81
852 444
986 57
62 788
533 998
791 402
926 751
214 717
306 568
589 527
389 129
929 458
401 881
37 777
884 236
760 946
686 414
796 349
301 900
638 951
180 747
381 182
868 338
663 954
298 666
245 807
86 725
420 342
107 842
829 819
901 710
102 159
613 204
461 335
651 995
693 164
255 887
792 139
132 404
405 632
688 364
414 299
512 26
369 199
590 327
367 970
791 348
172 548
411 868
892 123
233 530
161 349
471 632
555 552
368 406
386 557
276 745
705 777
352 739
194 270
268 521
199 35
539 398
499 893
725 439
999 568
178 794
711 132
911 838
737 521
627 909
810 343
446 539
696 274
212 60
784 725
211 287
771 465
28 259
296 560
418 937
269 996
509 511
295 868
352 294
336 859
886 295
118 861
266 634
435 629
990 257
611 605
239 366
84 699
624 464
935 954
921 88
558 423
727 564
343 463
237 712
805 758
8 890
116 251
577 895
909 664
768 852
586 999
825 677
241 542
756 395
560 150
564 710
533 77
903 36
298 894
815 951
562 528
195 10
416 493
508 349
115 291
704 772
501 774
391 520
68 683
486 632
34 775
312 157
481 826
557 473
975 894
917 93
878 111
455 234
368 724
310 747
564 825
136 218
29 177
602 117
473 63
860 701
959 827
946 582
238 573
415 793
401 187
792 564
332 341
568 27
614 994
960 709
8 242
252 627
291 613
335 372
619 969
835 660
645 411
212 80
178 96
796 904
356 853
508 878
842 90
291 208
273 461
615 835
282 437
312 558
508 733
490 48
409 46
860 339
301 8
374 582
931 913
755 757
992 129
993 184
478 672
876 121
994 861
343 354
955 982
576 383
393 259
401 671
339 395
858 665
275 627
793 242
879 845
206 89
978 206
730 607
822 103
608 63
368 820
455 210
8 997
944 209
690 557
632 292
940 165
688 214
561 856
906 32
881 763
780 375
555 262
422 307
595 521
357 326
270 327
241 245
630 841
902 888
858 76
198 741
659 149
464 291
51 453
986 168
806 375
238 789
632 736
825 351
502 607
701 500
494 626
631 119
541 363
445 54
433 534
637 144
986 970
772 65
52 767
164 273
348 598
365 400
630 164
761 443
407 111
207 979
191 788
838 337
469 402
911 559
607 156
830 754
173 494
66 606
35 405
239 669
240 853
136 528
301 330
467 30
19 829
762 297
853 606
608 671
954 391
883 535
371 299
250 628
128 942
461 870
297 733
526 414
237 767
336 422
386 413
336 720
827 467
907 229
232 385
380 777
162 436
646 642
996 451
614 22
907 114
972 596
29 79
2 604
760 774
299 130
120 421
567 309
953 129
204 317
238 857
450 157
629 669
983 410
471 742
729 593
483 172
446 32
284 395
779 279
910 371
342 113
511 538
60 674
281 975
640 258
791 549
705 812
190 948
249 472
377 659
970 408
63 381
990 863
661 741
630 486
633 578
578 69
136 496
504 522
126 641
971 249
805 298
787 819
165 75
113 266
189 771
853 62
340 231
680 862
572 410
330 29
840 834
966 134
75 803
887 640
140 157
210 857
49 349
377 184
505 371
543 506
476 180
793 878
796 615
38 78
999 40
69 35
491 977
23 918
556 527
283 973
475 357
278 704
121 413
358 402
401 999
774 416
632 15
263 165
30 176
68 3
551 598
441 151
774 307
160 472
871 929
431 820
12 634
50 645
972 632
11 306
985 963
314 481
647 481
727 87
307 536
309 170
728 294
398 811
15 504
55 971
721 235
170 115
864 251
856 622
721 806
221 836
705 671
501 500
817 809
213 416
394 714
166 94
653 552
38 92
48 889
820 330
360 571
986 787
71 87
808 559
683 974
62 366
782 39
53 617
455 325
459 782
98 66
83 746
744 720
818 843
502 224
786 493
636 998
362 494
239 868
455 619
918 257
723 939
221 269
908 815
545 739
434 96
571 623
553 168
737 859
700 73
149 701
166 629
685 411
616 712
241 977
700 56
439 4
5 842
140 999
676 49
552 511
253 343
948 941
903 155
176 930
528 151
792 1
770 332
148 200
497 538
370 488
902 337
447 380
859 788
808 215
542 779
375 974
360 445
233 945
253 430
807 349
475 924
276 219
204 684
928 538
973 6
826 650
280 269
686 661
835 61
765 420
227 533
198 879
159 767
74 809
325 165
110 107
111 278
65 954
891 370
51 635
639 216
263 738
820 173
414 602
347 533
630 524
223 238
307 131
460 355
583 783
821 950
109 132
773 819
614 995
725 74
161 971
810 328
807 173
227 342
300 962
672 441
601 69
344 218
736 748
19 578
119 433
230 762
731 887
535 447
574 387
524 684
581 429
335 765
236 702
628 584
46 75
361 667
782 639
767 7
236 717
24 613
779 727
629 67
534 95
348 38
775 803
443 218
836 787
965 177
609 399
684 351
280 941
266 192
489 25
306 705
788 333
698 547
413 768
654 966
180 573
668 452
94 991
441 207
650 317
63 832
158 108
986 373
39 435
864 793
518 252
479 912
155 998
101 110
91 918
859 30
486 1
125 842
99 645
480 897
924 594
285 232
823 616
347 339
310 581
412 237
260 393
267 690
930 366
215 728
455 201
920 680
284 471
450 971
288 18
476 847
194 372
304 984
821 793
74 702
860 817
807 794
765 908
866 486
861 717
792 640
288 367
382 579
274 334
334 998
726 648
503 513
732 717
2 324
40 175
813 524
811 270
839 824
217 473
199 665
297 401
830 517
923 357
598 545
654 503
749 587
886 364
279 374
379 902
714 437
538 199
844 433
371 298
23 909
686 55
562 193
627 515
508 593
428 114
874 206
547 252
197 827
515 346
544 470
371 72
561 8
694 260
37 787
646 643
258 576
499 172
690 737
923 862
909 735
110 342
997 998
11 265
34 106
826 254
24 172
635 610
85 525
419 653
526 614
194 151
955 271
354 465
302 881
764 36
270 211
865 987
612 112
578 416
373 548
998 845
657 567
621 510
489 851
53 370
695 807
652 878
856 689
74 722
771 256
758 296
243 781
122 198
428 905
268 758
235 877
531 200
146 214
666 545
463 885
320 237
601 12
530 112
862 165
130 354
131 199
574 377
679 598
597 30
767 360
269 109
224 504
813 624
705 367
10 879
49 707
545 710
620 126
412 603
948 517
272 46
588 540
330 252
635 640
761 176
634 430
192 245
653 88
361 706
892 874
75 512
885 31
653 169
432 307
909 831
35 238
932 96
426 335
391 975
421 997
542 739
210 120
248 59
652 511
380 584
281 345
922 301
137 979
413 934
875 775
180 983
140 299
291 342
755 861
849 480
802 34
483 702
873 490
447 347
530 957
15 307
606 516
23 740
251 571
659 528
272 648
348 419
975 582
120 450
959 471
621 926
16 653
369 357
82 642
545 378
564 514
985 627
821 413
56 793
766 595
848 469
405 646
411 713
124 120
752 689
56 136
481 909
902 833
318 8
411 870
375 41
468 637
858 5
52 124
470 455
744 932
742 659
341 90
588 237
981 555
596 736
249 507
981 938
165 157
761 528
977 691
805 461
387 60
981 140
585 595
583 72
195 795
878 636
973 792
633 703
887 758
65 315
467 251
430 493
586 335
326 66
455 618
45 746
671 586
351 53
54 600
611 865
979 133
600 206
837 239
990 263
923 474
638 277
503 924
71 696
789 509
831 662
559 743
525 275
571 189
306 724
671 910
569 972
346 479
707 954
923 873
713 365
392 160
868 719
569 686
527 426
310 860
977 49
337 914
381 457
996 250
677 769
713 728
838 325
647 341
79 80
267 649
626 250
497 54
481 937
958 133
688 409
542 452
893 432
109 97
57 830
275 243
938 81
117 630
100 868
212 670
470 338
626 476
562 948
890 281
878 318
743 708
389 569
265 747
674 665
312 586
353 290
800 945
923 122
687 909
912 489
677 167
432 123
792 835
338 457
504 801
657 59
719 397
832 47
151 433
74 698
430 120
199 581
538 369
794 231
260 735
905 774
320 305
987 762
720 991
644 613
145 231
957 746
816 450
448 966
214 809
395 193
34 387
999 448
984 551
495 138
989 298
771 907
611 712
975 363
102 973
878 308
830 150
110 456
76 744
175 770
281 260
730 605
965 466
862 874
613 288
264 625
642 885
795 768
733 967
534 664
542 247
870 288
391 729
971 635
793 387
318 486
817 517
470 45
915 144
833 495
851 866
583 575
730 913
68 536
452 207
958 540
773 227
224 769
852 684
639 868
675 797
808 714
365 219
536 889
919 590
316 993
440 655
192 703
246 358
598 11
356 482
892 300
715 23
414 710
937 379
901 208
763 57
319 591
877 209
352 932
403 544
139 838
891 861
784 625
126 762
37 107
297 246
101 952
572 359
735 981
131 123
739 494
563 28
306 207
571 569
442 581
89 534
733 325
676 251
32 306
644 601
667 1000
294 711
871 566
50 810
913 616
110 650
519 748
921 101
405 60
633 179
983 995
146 828
206 8
391 910
380 779
841 879
113 775
239 192
828 611
613 499
278 516
137 656
870 482
284 961
525 573
655 754
747 629
654 931
237 543
988 889
876 997
447 4
910 932
512 275
876 934
298 2
613 213
501 843
130 451
928 579
33 417
142 765
523 258
797 447
564 478
121 985
893 278
932 886
831 64
579 251
82 961
952 423
75 264
264 937
561 693
971 210
493 906
369 132
612 192
230 839
35 887
970 390
181 733
683 887
351 141
815 274
319 611
838 657
899 815
792 669
946 366
303 991
821 542
844 657
334 963
815 112
291 908
933 453
114 773
723 913
948 518
533 656
308 869
662 892
538 262
779 560
302 127
567 945
453 241
330 332
496 604
151 366
527 755
415 53
366 669
936 868
996 828
465 316
301 78
13 716
897 847
699 455
332 676
538 75
936 898
224 916
760 70
228 996
157 416
885 205
715 584
625 940
111 937
917 102
632 128
906 969
581 841
641 108
399 276
682 656
890 991
432 975
911 489
200 379
700 807
336 107
617 14
526 720
86 859
108 903
713 547
167 62
78 495
869 416
462 590
563 684
322 37
489 556
765 777
492 501
555 809
425 308
69 909
332 477
212 635
85 243
368 821
837 16
751 674
240 324
895 535
472 151
806 12
900 65
890 373
251 309
808 554
255 261
93 426
666 514
208 512
815 167
1000 636
100 777
291 987
803 270
204 596
474 755
925 980
585 547
680 314
233 194
2 269
13 395
667 468
774 484
296 897
746 665
413 758
960 215
300 840
407 740
672 603
883 465
266 859
215 428
208 461
969 152
698 838
112 647
793 106
166 932
279 671
907 222
659 849
966 575
271 543
291 373
920 355
349 727
979 704
104 646
656 365
414 13
460 462
399 507
534 258
724 628
936 595
397 416
449 973
258 952
547 866
949 186
567 383
13 858
28 368
959 497
143 228
402 862
5 131
647 340
156 273
13 696
324 591
570 803
868 12
513 28
105 568
877 970
755 402
578 489
647 49
485 685
739 219
753 85
644 268
792 567
26 551
652 823
817 932
431 108
499 858
522 627
339 645
408 785
947 962
805 480
580 928
9 749
434 98
622 691
236 297
952 522
607 202
520 846
62 757
965 780
343 936
480 138
761 111
282 432
980 207
103 40
987 765
820 557
236 719
220 196
19 915
667 783
889 147
391 135
894 156
71 671
257 231
23 984
64 663
192 476
333 511
134 240
187 722
77 256
832 539
294 522
428 174
292 653
253 675
280 77
688 122
889 719
108 833
859 995
595 925
928 568
674 20
44 662
15 284
149 486
685 756
789 828
928 407
46 854
323 335
234 670
843 516
646 225
263 462
579 30
816 764
265 74
752 762
661 492
259 612
151 562
632 628
907 612
549 587
994 987
401 267
990 727
5 409
83 985
725 266
212 691
435 455
929 797
911 997
939 848
728 401
14 24
472 79
899 818
919 303
922 625
647 892
501 204
784 626
807 634
386 818
476 957
246 176
818 785
452 535
843 174
787 615
936 107
240 840
493 101
782 686
622 90
575 330
786 819
301 472
656 233
529 893
767 37
1 292
366 712
607 460
314 805
520 584
745 543
133 514
499 400
230 32
950 233
326 599
535 802
662 157
654 628
376 820
111 412
675 2
15 557
229 429
419 448
348 298
356 328
833 910
285 311
547 988
347 98
898 622
385 321
225 642
580 28
251 654
252 189
894 372
55 706
294 446
793 493
73 476
212 787
693 332
125 794
933 733
350 609
145 76
24 221
427 232
432 514
569 455
181 905
73 816
460 112
265 102
673 97
548 807
471 592
354 350
929 840
749 199
472 781
934 475
994 686
728 510
618 830
820 22
825 376
274 398
520 458
832 428
669 823
325 680
782 78
769 833
700 723
804 221
759 176
544 79
377 498
140 442
13 132
621 175
786 388
291 574
297 209
155 223
487 162
884 534
23 92
616 576
266 755
840 724
732 578
156 594
710 9
857 715
457 245
165 652
391 190
842 478
451 467
657 300
676 24
490 119
399 851
3 334
850 279
10 478
784 169
750 772
148 320
242 551
404 810
277 36
558 399
64 735
176 953
96 224
281 338
817 128
506 771
61 998
620 595
234 274
223 884
399 486
955 286
24 342
760 950
278 545
63 821
157 336
33 354
197 575
551 544
73 609
737 474
86 361
564 669
214 274
142 559
470 136
767 738
794 946
525 294
85 559
637 210
489 642
915 858
129 977
5 174
78 492
15 453
660 910
897 468
367 982
835 767
584 672
566 496
458 437
55 885
604 10
228 287
322 196
895 641
142 107
215 627
493 877
331 30
114 354
635 76
29 459
929 709
144 635
787 227
825 404
649 198
305 520
606 366
876 768
443 646
834 333
193 371
819 35
378 945
86 486
507 543
588 691
811 964
101 832
945 474
340 484
71 404
754 790
884 665
900 646
741 816
762 253
620 243
552 83
609 134
721 932
165 672
561 283
346 221
361 333
435 742
865 109
637 705
439 290
67 608
921 92
634 533
167 665
647 147
905 606
215 141
858 603
121 65
609 322
223 646
59 865
860 373
910 579
57 384
534 754
495 466
264 550
346 110
898 713
39 129
719 547
709 683
321 420
877 679
116 699
444 174
686 779
513 855
660 930
1000 252
333 646
959 214
377 622
1 612
88 759
621 532
972 35
742 701
935 435
599 284
468 770
949 381
909 488
248 876
856 363
303 176
839 418
515 632
18 64
950 857
790 674
256 885
465 535
709 946
856 282
52 743
326 386
843 52
368 148
518 524
418 618
27 35
1000 601
50 448
880 63
666 662
631 802
10 850
562 359
340 393
37 343
188 197
897 674
512 845
273 449
704 107
634 484
512 862
231 118
568 970
76 949
19 914
779 712
127 223
767 145
288 881
970 885
241 835
666 74
607 649
719 963
374 868
146 438
846 450
906 831
592 964
863 773
590 967
665 428
918 590
498 423
1000 197
210 499
249 796
964 152
640 254
200 293
823 839
592 743
910 299
133 799
911 926
930 139
459 417
21 682
564 452
413 464
950 761
698 270
276 984
502 752
764 3
808 829
806 280
644 451
458 634
789 550
846 553
744 111
543 523
345 36
661 604
60 521
721 321
133 211
599 288
734 729
612 189
598 120
858 101
416 824
927 118
204 959
813 871
134 854
610 829
661 943
108 764
4 358
101 934
230 522
47 448
231 295
452 528
531 399
554 788
738 89
153 981
526 406
639 267
861 797
883 765
938 518
283 711
451 617
639 152
715 760
416 435
153 247
192 283
600 136
508 765
783 771
453 172
535 162
258 394
188 975
906 622
780 11
603 1000
840 486
823 231
183 68
828 287
831 680
909 799
324 46
867 880
410 531
123 350
996 463
10 236
50 669
401 793
309 432
737 445
298 675
559 876
53 519
413 146
362 554
872 221
802 818
686 229
461 166
66 310
939 903
669 738
366 29
561 969
981 704
77 871
389 187
982 234
363 646
5 107
868 197
108 722
769 934
294 123
170 445
818 577
86 249
696 29
236 174
987 140
630 506
127 340
794 763
769 832
937 230
578 240
984 135
162 445
895 851
416 691
934 789
226 214
579 710
374 454
467 224
70 975
497 482
988 317
827 736
22 802
649 532
135 513
616 577
696 581
874 621
781 15
890 809
162 929
947 897
409 578
917 575
40 29
791 90
176 717
334 976
788 972
936 215
480 179
524 966
27 678
305 56
412 884
749 957
510 115
629 231
706 784
84 684
12 129
163 55
794 511
559 701
694 348
400 562
646 723
152 179
280 1000
984 912
16 994
971 854
571 112
958 592
779 79
85 716
214 416
949 819
823 798
882 502
111 24
37 901
955 398
498 495
154 739
380 15
162 182
367 243
794 947
330 164
968 866
308 195
555 322
901 338
668 568
759 674
704 940
180 389
450 250
378 655
855 892
74 531
535 866
845 262
775 638
351 461
27 395
891 72
263 779
380 435
199 137
369 166
779 524
384 788
782 184
218 985
703 414
933 133
113 298
369 896
124 95
502 228
468 60
248 367
911 754
2 408
990 89
592 408
191 760
635 282
305 745
767 265
532 884
438 527
286 723
314 696
818 56
717 188
92 309
40 753
455 901
222 912
405 400
597 684
468 496
434 640
399 694
954 443
222 547
595 71
541 949
656 65
324 215
434 531
116 720
528 139
399 596
606 596
202 902
278 595
427 887
160 682
6 169
737 11
449 588
870 493
555 384
224 656
824 479
322 140
168 951
980 958
160 999
837 979
930 215
713 733
369 407
569 36
578 709
928 154
583 596
217 875
90 27
833 325
609 30
628 366
651 736
726 164
985 366
307 318
786 777
162 744
950 572
437 743
99 472
707 281
484 646
507 879
347 646
41 343
920 622
339 534
130 519
826 856
153 734
131 575
799 819
160 274
397 27
291 616
537 832
792 727
106 112
335 371
616 507
670 728
70 900
928 927
666 663
689 542
482 884
672 300
782 801
487 229
839 848
566 904
93 174
114 843
41 349
538 380
780 401
255 746
31 793
602 839
896 702
589 799
236 713
990 486
24 617
106 237
544 420
794 388
318 990
323 868
380 627
898 358
106 399
548 250
487 574
181 511
896 375
917 43
405 775
478 967
542 984
300 483
323 898
528 200
720 542
333 101
765 98
488 210
513 103
806 684
384 957
497 868
993 639
996 266
119 421
465 198
48 362
837 550
640 110
259 840
367 811
59 618
189 535
411 517
102 524
964 447
161 62
116 664
542 404
159 876
555 27
26 871
333 681
997 924
530 471
605 945
877 940
643 652
611 256
99 500
227 11
601 794
144 565
109 211
860 781
240 142
527 817
648 229
172 204
473 824
921 780
259 405
153 698
740 730
395 725
674 696
206 969
19 501
252 771
457 509
594 742
157 996
230 666
729 265
325 190
430 427
400 11
644 806
331 613
938 519
779 521
174 45
606 976
992 836
371 385
712 579
783 770
733 499
951 444
534 140
774 671
542 651
745 541
908 465
250 625
497 708
44 271
119 837
177 426
335 801
572 789
352 176
650 763
641 404
326 740
591 152
6 230
48 40
107 983
823 821
936 711
449 564
251 640
522 340
345 587
128 495
113 743
877 403
320 775
928 582
466 765
751 68
642 536
419 689
403 20
854 311
366 913
642 651
682 876
134 503
377 948
817 695
858 45
613 3
803 996
209 89
997 422
855 968
381 833
49 262
249 483
468 827
777 810
590 418
813 825
298 262
852 929
692 202
820 391
234 804
971 53
758 351
853 57
786 386
771 362
331 291
5 558
140 267
782 878
862 56
24 788
870 615
393 116
376 295
528 740
654 292
433 352
36 987
398 742
918 489
580 664
48 770
69 157
269 843
399 812
240 709
315 245
923 498
268 133
948 807
201 254
754 17
421 993
888 416
617 550
211 437
606 147
396 289
827 15
496 829
372 224
563 569
512 549
220 428
628 465
295 386
392 978
48 69
656 260
831 429
621 777
766 242
452 382
696 527
586 687
436 778
271 480
593 249
756 339
910 566
747 880
493 184
845 35
4 709
975 864
503 99
68 716
843 718
899 688
405 755
15 116
274 206
661 546
497 415
388 90
914 272
167 592
513 619
4 906
351 93
30 930
970 441
364 984
436 509
165 153
57 512
5 352
238 831
784 557
718 938
113 297
830 788
500 137
163 559
363 161
308 550
99 23
274 466
207 336
743 386
752 95
709 655
47 360
840 754
291 826
3 142
271 995
516 432
40 393
427 571
154 145
157 718
505 643
35 142
254 6
127 796
310 276
662 121
40 280
823 46
845 562
738 578
386 431
558 425
941 95
46 381
547 184
54 920
970 561
789 219
167 667
24 347
7 114
963 328
600 526
948 156
840 29
851 511
409 656
667 345
234 391
219 121
726 475
836 271
251 825
491 648
649 292
113 157
257 297
7 566
265 83
322 4
694 788
208 931
736 868
800 807
975 714
114 309
557 757
564 183
503 357
697 274
554 397
611 372
449 616
562 944
778 629
946 358
655 393
86 615
342 644
679 311
222 422
340 181
434 82
865 594
94 124
847 550
204 996
139 687
605 528
416 764
424 23
287 396
500 572
149 619
226 270
745 774
671 375
231 227
932 580
883 656
813 709
279 361
546 832
396 395
344 620
73 18
515 71
991 586
814 81
317 647
664 570
702 982
222 540
776 648
500 998
637 739
174 355
512 638
79 290
304 8
909 694
350 715
396 975
517 645
594 504
704 600
382 792
30 28
927 790
696 600
882 319
171 486
464 108
281 554
484 103
33 409
401 605
534 527
82 582
946 947
57 124
80 43
741 170
815 695
638 546
252 489
825 135
102 395
350 938
21 906
632 745
388 131
708 564
307 885
418 391
483 354
311 773
94 431
282 573
324 844
588 49
754 265
717 915
189 218
835 600
838 681
929 643
593 542
522 530
778 487
908 575
51 22
605 283
500 407
908 910
946 217
913 32
833 519
1 750
297 267
945 407
230 667
781 233
662 852
922 897
192 238
770 205
348 993
762 307
211 43
233 423
897 758
935 794
365 974
993 109
543 623
176 769
705 746
414 287
589 659
438 129
334 470
872 921
163 234
811 566
269 74
617 875
555 557
745 207
305 478
803 427
647 106
6 118
102 719
953 139
147 316
77 3
777 981
261 332
916 728
769 361
111 228
60 858
856 564
997 195
375 211
626 175
244 1
935 13
612 494
123 171
105 612
379 5
513 669
916 718
321 146
62 26
749 196
647 959
84 421
13 991
235 723
902 523
132 113
834 245
599 439
982 293
674 618
695 960
97 903
152 832
946 362
344 232
227 133
767 882
516 40
882 600
460 646
45 624
706 682
725 254
88 237
877 467
456 625
934 922
667 61
830 603
27 922
672 341
395 990
45 65
162 959
987 485
202 428
754 753
849 799
46 362
944 629
373 133
396 508
453 253
990 300
118 763
65 72
732 867
749 955
418 759
36 186
630 405
791 314
79 196
672 930
262 319
428 83
666 249
954 135
258 654
297 844
582 391
435 986
955 275
558 364
228 887
855 314
656 660
965 406
246 455
238 296
241 452
202 834
573 817
523 68
543 393
546 191
30 84
143 563
234 563
91 70
314 491
896 612
202 978
506 595
488 442
677 872
551 771
368 592
831 19
119 285
894 625
521 325
761 840
778 380
416 21
713 769
734 629
166 260
578 385
687 545
742 660
670 433
631 132
759 115
742 253
269 345
182 986
273 926
809 892
437 931
810 207
596 604
545 810
982 321
360 688
677 317
640 980
473 887
956 868
170 689
265 579
929 548
330 138
629 310
739 298
207 192
13 391
580 40
970 122
292 66
991 704
154 111
486 904
857 548
783 724
491 802
278 900
845 151
482 547
586 189
969 51
954 441
686 112
938 436
376 145
638 361
970 687
220 2
257 8
920 504
666 228
337 346
873 312
931 216
237 705
239 408
811 638
479 644
580 177
673 625
31 379
876 708
453 533
94 997
224 803
480 669
600 702
693 495
803 355
682 624
681 835
612 753
280 228
834 599
172 850
30 432
142 526
286 646
354 688
155 897
212 854
727 113
180 500
473 358
592 796
47 516
29 25
271 76
588 289
192 569
998 703
13 517
969 855
215 675
181 895
191 74
371 663
354 261
248 768
932 591
427 467
263 873
161 739
267 554
355 181
717 325
311 710
683 947
354 103
192 886
126 707
550 33
535 727
527 883
248 372
516 224
554 831
482 882
246 219
529 107
454 500
793 526
921 449
191 991
487 116
514 368
736 448
344 903
426 944
334 729
999 25
766 764
896 688
557 544
991 949
709 388
295 760
20 735
148 404
258 340
120 67
282 350
162 312
749 788
291 388
917 440
258 711
85 928
68 50
750 946
384 145
901 980
444 877
251 521
234 361
200 217
552 654
172 167
621 976
640 241
676 535
497 794
190 327
582 745
509 659
94 739
789 833
261 248
445 907
67 169
51 556
654 870
516 237
422 389
454 618
860 745
39 388
910 483
564 229
472 821
330 703
38 196
659 33
868 179
47 894
431 415
330 782
313 564
631 76
905 280
190 786
916 57
285 550
397 428
787 796
265 319
857 928
144 981
930 812
625 140
540 83
962 796
725 217
140 353
880 94
637 834
393 457
226 275
852 67
390 502
162 523
375 684
546 869
174 425
947 414
495 994
988 738
96 166
372 142
153 737
709 9
305 243
417 409
20 866
594 187
97 369
188 552
854 905
304 53
34 130
452 245
555 556
257 481
297 992
543 7
512 377
346 259
912 530
295 254
45 403
12 732
841 588
669 350
85 535
301 698
820 766
860 431
181 591
935 447
151 652
775 342
247 487
412 505
623 120
298 83
812 124
52 102
324 899
808 796
722 746
797 220
361 947
877 910
143 510
632 771
543 889
236 169
261 508
723 713
191 595
658 36
758 349
796 186
389 636
105 935
329 379
666 602
853 424
876 127
803 377
472 333
706 730
945 434
791 87
260 525
357 527
709 314
306 383
734 135
923 500
505 741
590 582
283 45
107 262
745 42
292 924
611 694
387 928
172 442
609 445
547 158
196 48
54 946
680 509
96 228
78 52
903 61
797 602
730 623
309 352
43 316
794 668
983 224
310 842
612 734
703 737
150 739
551 941
54 335
882 324
935 466
161 307
224 614
6 482
265 164
945 570
843 627
881 644
309 179
955 609
544 564
105 438
664 461
901 480
703 84
856 629
229 989
582 979
677 585
703 165
778 716
217 46
769 903
576 739
976 333
833 244
450 700
480 955
995 72
208 630
210 854
908 625
514 728
236 28
662 576
117 303
9 756
710 316
164 336
614 728
939 654
889 303
378 812
876 99
622 523
348 644
614 683
326 215
771 102
274 946
684 957
645 577
799 412
291 944
819 370
692 748
463 395
58 371
719 122
6 280
82 141
609 100
55 721
651 379
230 492
362 828
52 89
240 571
457 721
556 203
766 236
552 546
38 541
336 445
75 657
881 727
392 334
856 819
690 867
711 655
128 344
422 414
891 267
85 432
472 939
796 663
332 111
575 61
449 397
850 338
824 175
734 598
293 276
186 932
942 884
191 437
493 845
725 482
174 328
503 276
164 406
455 401
293 118
313 648
188 268
227 462
563 360
766 801
217 292
194 683
334 909
939 605
946 307
692 819
791 953
118 919
84 35
66 626
340 405
382 776
679 740
149 617
277 420
466 287
563 951
861 166
477 189
480 143
451 271
176 648
619 124
638 424
766 765
88 452
490 56
453 180
20 617
921 226
374 606
175 539
513 440
487 341
953 689
515 214
422 796
135 249
999 510
430 975
804 248
963 705
223 960
350 169
645 1000
461 971
504 338
606 567
756 64
555 728
116 807
499 217
858 528
827 279
314 198
560 170
725 864
232 510
333 234
422 427
565 663
402 669
593 182
975 516
228 896
103 713
307 552
548 554
676 615
220 555
593 199
394 472
986 414
474 170
402 959
384 734
186 614
498 788
209 335
997 318
321 309
285 146
52 131
159 873
255 900
679 102
2 454
587 655
806 367
592 39
78 714
263 844
252 713
320 251
91 511
924 109
117 318
773 784
944 854
460 525
248 763
718 8
36 716
865 636
238 750
1 848
528 620
800 257
361 973
326 125
273 135
98 500
136 649
84 71
286 671
692 902
658 882
623 878
876 314
879 885
364 486
662 965
142 314
884 733
481 198
139 312
729 552
72 997
210 672
59 225
685 365
424 46
253 811
460 724
572 929
21 165
928 925
694 372
135 346
789 160
497 586
107 844
903 216
814 845
805 61
710 738
78 72
262 115
300 450
436 642
850 23
168 852
133 750
885 745
262 2
375 911
525 904
459 496
828 863
360 11
789 868
386 118
385 614
467 842
764 204
56 243
720 170
423 891
579 225
750 122
865 988
670 953
407 455
601 970
88 691
642 736
436 373
986 775
291 711
570 710
406 756
961 67
657 842
105 789
74 165
868 438
130 115
692 836
473 906
65 336
563 209
767 273
537 942
476 366
573 56
278 156
26 173
837 899
943 154
726 542
322 720
291 771
978 699
338 282
871 388
433 948
644 660
496 594
124 894
344 550
866 759
83 131
28 768
250 656
954 274
48 86
926 724
590 865
663 751
372 274
64 579
817 735
306 640
136 54
419 22
59 856
758 730
284 547
858 456
345 571
881 601
247 89
284 594
512 501
314 489
613 243
998 439
142 675
15 339
398 329
852 288
717 21
275 510
761 989
423 142
22 394
445 946
405 498
270 263
203 864
649 414
318 864
214 96
860 722
445 148
798 486
781 538
528 11
109 7
667 934
542 566
504 703
855 606
365 302
668 35
834 215
598 164
636 879
723 53
79 753
207 428
347 697
1000 610
710 317
880 8
406 498
409 398
607 220
934 900
429 836
322 680
857 697
438 946
495 154
885 75
922 967
634 461
28 582
84 550
583 500
318 855
230 387
68 314
72 829
589 712
862 708
352 29
867 686
784 138
932 274
805 620
993 772
534 384
153 461
357 149
766 51
523 724
181 487
608 957
116 204
499 252
300 507
771 690
865 740
137 722
279 891
32 402
162 103
543 367
252 226
147 374
168 955
760 693
579 411
232 14
128 345
493 153
294 330
557 464
216 514
218 208
55 807
721 207
191 295
599 170
269 409
470 506
221 928
238 774
773 25
356 501
953 503
472 202
476 786
921 907
118 347
815 355
431 106
380 886
296 295
792 684
740 290
99 186
338 670
377 316
123 288
363 241
491 452
554 170
574 169
304 737
925 513
801 531
583 52
246 217
66 627
298 673
550 257
348 873
684 787
588 547
679 884
942 30
391 680
267 290
268 249
607 470
892 627
372 5
210 936
488 538
31 170
611 166
884 920
900 901
64 749
407 631
840 350
894 17
976 654
172 387
603 673
606 564
771 513
393 715
214 637
647 507
237 564
76 630
827 278
369 279
185 218
977 22
134 237
963 71
944 378
821 429
882 141
574 559
225 858
820 875
859 135
454 729
853 991
609 956
958 217
760 576
327 703
801 2
512 219
472 904
569 30
706 358
56 71
475 527
460 217
411 807
363 558
181 849
22 735
574 920
298 159
446 871
108 378
623 437
165 205
402 241
649 176
725 389
691 269
912 558
262 814
843 70
806 78
809 954
558 735
635 504
505 147
892 521
30 776
535 757
867 221
465 781
463 782
10 658
567 644
678 231
883 851
331 392
867 298
779 956
80 50
657 24
842 20
71 458
239 676
295 854
331 537
637 817
126 302
224 306
132 334
888 281
524 889
619 91
140 976
596 62
754 21
438 789
633 203
707 716
524 942
282 257
729 600
289 635
942 65
291 469
628 330
991 824
245 646
290 135
789 439
607 744
42 996
685 14
922 320
686 281
468 456
671 79
695 85
515 467
55 314
977 336
6 218
813 234
63 799
926 411
33 344
175 909
133 749
154 648
254 537
242 961
63 253
191 8
11 414
547 800
803 650
164 900
54 272
899 715
705 616
713 506
375 172
232 70
33 43
604 934
401 463
399 76
411 433
243 582
280 508
959 132
742 540
252 264
789 581
846 526
807 905
469 124
745 465
14 220
7 746
921 978
773 81
248 826
29 481
639 662
285 919
960 663
905 314
669 817
601 235
919 329
23 372
246 103
13 190
827 726
900 394
919 190
23 485
528 585
490 947
362 499
515 853
728 449
866 35
39 895
334 629
80 884
357 700
429 863
110 988
559 501
468 362
785 344
144 96
733 418
364 459
993 434
791 198
206 290
776 613
724 155
818 224
747 10
966 296
92 477
274 878
923 615
106 33
568 886
665 220
758 569
854 223
733 245
947 939
976 598
774 409
759 885
561 44
357 193
603 745
968 58
966 613
789 52
292 636
422 519
115 51
157 426
360 330
893 96
788 508
964 221
113 647
294 476
388 913
817 501
180 275
660 37
941 588
181 792
990 518
829 668
649 494
360 670
731 678
90 290
244 362
316 928
905 197
44 871
966 946
406 657
27 83
485 916
363 276
757 972
759 146
265 576
80 264
407 942
231 362
583 209
644 875
757 238
140 186
453 77
295 798
645 591
409 175
410 144
529 174
261 811
124 899
70 345
577 555
335 847
482 657
196 391
15 845
366 563
348 202
884 52
956 393
379 230
673 645
139 33
471 140
497 529
371 8
579 488
301 845
106 295
822 401
627 251
555 630
777 560
320 933
127 300
915 926
44 708
336 447
299 197
745 21
319 14
690 910
927 975
641 242
128 427
96 607
974 366
707 81
194 164
910 534
696 670
308 172
698 372
147 230
95 740
612 466
25 710
265 87
985 704
986 43
971 437
855 759
739 765
159 772
678 828
367 609
575 396
9 939
542 351
142 692
437 139
86 203
125 687
934 485
331 48
132 39
283 718
959 946
448 372
104 502
123 434
531 155
18 954
971 96
274 464
850 578
23 335
209 813
491 455
548 738
737 547
184 413
458 4
922 663
544 141
728 218
126 593
558 874
951 512
199 799
812 356
792 843
801 643
288 570
276 999
101 878
626 161
240 690
687 344
546 860
274 992
340 373
153 142
62 990
84 882
949 690
399 657
385 35
386 284
558 94
547 203
529 948
275 524
58 388
538 906
941 382
315 287
430 572
892 124
492 993
789 251
318 862
315 652
617 796
176 214
358 290
965 474
567 442
204 65
90 418
927 786
736 358
570 125
738 823
541 94
206 833
621 606
638 836
806 560
953 220
974 330
997 171
122 759
232 107
380 163
218 2
44 349
792 205
556 862
815 691
265 115
964 459
56 72
534 877
332 397
759 278
9 118
589 668
502 869
261 678
971 302
757 753
619 752
134 586
584 589
52 931
659 125
454 779
209 760
764 366
857 52
880 371
379 717
574 251
754 926
136 429
502 182
506 189
325 903
877 346
457 279
27 5
999 971
875 313
268 297
692 77
129 476
908 793
305 820
10 707
62 664
84 944
527 630
362 190
895 104
745 631
323 553
862 754
990 455
871 788
966 348
144 291
110 658
556 472
76 733
427 660
561 20
484 451
581 59
603 543
58 408
756 55
793 43
685 13
334 69
945 928
249 563
328 958
519 394
427 946
724 580
86 597
858 498
875 560
342 957
461 207
941 325
745 92
733 782
342 306
203 536
384 926
797 262
945 531
769 365
953 248
703 940
775 339
526 154
711 593
307 951
242 160
542 501
455 164
452 309
21 938
957 11
123 28
14 221
108 712
34 551
844 84
863 328
78 804
619 732
191 463
484 603
894 483
398 175
237 765
478 121
285 519
904 910
138 800
196 213
192 992
947 3
179 173
454 17
294 686
207 379
834 403
250 218
2 388
583 44
350 337
207 232
954 985
156 570
58 146
969 313
596 300
918 93
421 539
889 227
98 619
689 148
528 22
784 160
452 427
701 549
741 584
524 34
263 14
727 549
728 637
234 138
215 968
400 552
992 50
404 160
101 378
880 743
385 309
281 452
797 307
470 784
822 37
573 930
500 623
357 418
691 90
86 826
424 823
775 294
66 276
671 465
285 54
954 711
834 785
48 646
678 646
881 266
311 939
540 272
171 192
998 663
986 199
255 606
221 858
459 77
632 691
959 776
262 552
764 432
397 271
713 918
458 271
117 522
522 756
692 4
170 298
231 391
213 136
93 418
130 684
975 867
83 756
140 341
172 908
437 833
277 540
702 350
869 846
467 130
519 872
444 146
598 503
476 171
434 856
473 646
936 42
629 419
704 6
889 14
597 709
983 748
982 769
658 971
474 972
545 721
112 794
482 575
672 595
323 737
662 114
535 224
404 870
614 283
119 923
279 550
226 709
582 197
418 902
945 927
582 340
505 992
622 186
510 371
205 479
99 804
996 574
281 311
732 16
898 446
423 505
150 531
688 86
802 194
750 756
256 226
534 757
513 761
594 416
741 479
65 662
137 289
300 283
747 706
732 310
219 493
590 140
665 763
523 493
380 152
113 819
21 512
830 366
757 418
692 331
285 139
816 679
981 883
782 380
70 562
986 219
436 184
294 42
498 977
544 305
797 129
484 652
711 319
269 488
569 226
308 370
19 257
38 47
956 550
973 576
368 360
817 988
639 681
476 643
900 45
448 484
821 557
561 919
347 954
518 519
460 635
249 248
326 20
364 223
900 323
403 815
282 230
529 111
412 613
966 196
978 895
205 814
921 453
153 883
636 706
305 920
500 129
628 594
974 578
188 179
465 594
407 659
546 861
927 328
405 137
582 358
831 812
196 37
652 81
999 106
14 36
736 290
475 310
483 771
524 27
121 498
553 726
340 596
842 434
872 561
410 518
501 309
690 593
224 707
759 941
340 991
146 514
973 79
918 560
171 477
65 626
119 419
16 718
997 170
618 657
532 33
518 66
590 283
422 441
461 413
838 881
106 675
949 440
424 557
351 498
43 965
562 879
925 447
817 798
783 1
312 930
403 333
976 377
728 490
123 480
160 86
568 83
596 545
388 430
431 8
566 733
182 902
420 799
333 790
726 858
981 218
675 771
843 201
552 747
204 517
853 400
311 452
884 570
283 425
745 852
193 429
545 560
110 966
918 398
120 790
502 448
179 927
71 597
239 535
40 439
538 346
685 473
965 121
902 264
953 865
537 354
774 657
561 292
154 210
429 428
658 674
932 453
475 274
284 820
132 864
888 104
231 710
125 95
274 343
245 797
653 944
372 424
868 708
931 357
418 144
134 60
214 270
828 858
9 294
998 398
