928 2580
531 211 728
553 615 957
319 511 757
889 865 992
885 580 726
512 100 438
641 199 210
327 434 841
142 482 150
278 333 840
861 623 864
420 893 479
451 171 965
175 316 242
328 150 49
161 106 154
430 302 134
359 377 916
417 826 819
774 282 651
812 445 427
600 925 30
530 132 457
760 175 409
119 641 382
614 167 968
813 815 3
748 834 48
435 502 33
417 723 875
727 882 262
300 346 209
327 870 611
625 703 580
330 87 332
116 16 272
57 337 729
498 236 632
65 446 807
864 66 497
415 406 252
54 670 74
811 614 217
212 483 403
440 23 117
409 151 712
507 731 675
185 38 91
446 504 807
605 822 964
84 605 516
703 647 48
104 162 414
812 728 520
146 649 134
320 371 196
319 75 355
8 603 930
857 711 135
705 76 847
29 785 984
761 145 706
256 61 190
453 211 908
724 465 96
464 470 230
922 383 559
228 793 32
120 480 36
508 56 189
911 192 696
890 260 696
562 69 283
595 917 395
58 426 996
608 642 683
317 262 47
79 353 345
707 875 678
46 562 230
629 803 707
478 704 287
271 36 326
774 719 148
453 233 73
444 111 320
611 774 657
928 774 531
696 714 97
557 684 292
380 138 961
140 277 659
365 122 426
901 354 286
439 670 413
382 7 626
295 207 108
910 84 447
744 15 811
547 95 855
182 733 507
23 362 340
46 304 262
232 730 972
398 80 560
487 907 264
146 386 505
17 387 406
633 625 960
526 766 516
534 566 886
870 818 924
740 735 36
164 817 504
138 644 379
903 656 259
668 27 400
288 211 647
103 517 291
820 254 30
281 465 842
529 15 23
818 457 807
10 179 652
837 550 404
449 792 129
347 697 695
289 227 513
460 852 53
826 251 571
768 302 557
552 545 623
409 498 614
113 440 646
317 288 61
793 714 162
157 311 193
633 23 28
852 426 710
218 918 616
660 108 82
849 62 894
845 372 66
449 204 719
349 385 557
640 117 537
457 902 663
527 379 251
197 256 695
867 18 630
474 174 431
392 391 269
724 684 718
69 302 536
331 906 183
357 630 243
804 534 20
709 330 90
915 132 143
654 642 509
188 223 775
344 439 999
76 323 555
228 138 212
404 414 942
458 105 496
186 171 617
813 746 616
835 534 405
74 767 551
700 484 307
210 735 954
227 600 345
15 592 793
455 99 66
612 132 202
102 305 288
146 415 481
909 272 474
625 629 936
212 694 149
34 323 254
839 335 646
593 133 46
286 163 634
113 685 500
834 887 704
904 755 585
291 79 323
688 20 199
52 476 77
87 323 636
580 570 549
559 625 830
805 591 467
786 191 795
225 745 392
540 182 943
27 217 32
580 427 906
26 282 664
201 635 249
559 836 159
595 133 795
95 48 959
582 896 249
388 13 765
502 926 544
347 562 213
157 221 343
435 564 394
168 867 922
15 498 382
147 497 571
902 686 68
693 143 894
262 481 400
87 592 157
736 608 197
233 272 539
912 105 412
318 114 261
201 61 549
243 269 911
751 137 258
617 845 906
596 877 486
188 121 248
549 159 475
340 915 590
425 249 166
477 706 465
213 915 903
619 224 102
816 564 40
424 884 377
877 168 194
543 586 565
543 130 390
516 669 815
880 162 602
232 528 270
100 218 928
771 476 891
472 587 420
556 874 927
340 475 326
503 127 446
367 790 422
865 22 706
98 910 335
318 450 451
208 456 519
701 794 825
498 409 802
845 914 663
472 455 692
829 458 70
687 4 284
764 605 26
873 538 809
42 826 472
217 333 939
571 911 763
41 679 322
86 85 502
922 487 525
414 444 781
841 143 501
434 813 142
319 916 454
339 200 117
390 160 717
400 205 607
404 194 440
489 41 334
360 155 159
509 48 402
578 383 641
359 154 811
184 660 808
569 722 258
700 604 486
769 500 455
764 262 675
605 903 902
421 461 932
594 841 866
745 345 459
188 184 810
813 408 342
633 404 689
607 652 641
256 323 934
163 510 183
353 753 271
199 42 411
829 8 435
410 510 965
321 325 249
648 171 593
129 277 986
32 674 567
853 557 659
819 276 48
735 163 432
137 29 322
616 860 50
395 281 725
569 669 310
898 648 931
826 83 969
910 160 593
808 402 166
78 115 170
743 256 756
334 98 201
925 180 983
394 540 73
843 132 976
490 379 511
489 636 214
810 862 321
212 9 652
103 391 387
67 199 226
818 816 435
182 21 868
35 15 714
553 567 895
899 265 989
263 327 481
606 820 504
46 13 524
783 724 961
809 786 200
146 275 755
15 601 223
828 428 22
202 710 760
313 482 558
778 754 560
734 501 295
513 726 307
775 128 321
791 702 921
590 317 956
34 748 664
803 182 545
405 877 759
211 432 325
639 297 74
477 826 607
179 448 214
64 618 204
319 374 441
626 9 214
634 220 599
179 852 295
525 857 303
920 623 548
107 605 960
769 76 318
175 684 319
22 517 576
40 175 795
225 620 239
362 828 136
771 874 184
766 160 520
577 722 482
803 920 409
525 367 226
89 876 426
254 749 229
483 220 287
122 729 166
657 436 730
258 644 41
441 436 680
623 653 504
160 71 565
566 804 99
209 788 839
457 267 982
466 148 857
347 600 545
757 436 868
476 341 981
893 776 354
212 1 641
345 23 154
235 303 784
613 506 880
261 864 110
399 896 983
352 692 143
852 371 731
744 822 167
266 177 57
206 369 516
609 705 730
163 917 200
209 268 712
910 478 494
594 183 292
730 630 615
234 524 230
21 718 549
157 130 8
308 329 631
45 322 415
721 865 170
551 865 180
630 912 329
925 366 679
872 456 724
315 219 124
683 410 230
253 491 632
32 150 335
298 769 516
704 379 197
638 826 969
161 777 781
241 403 667
210 594 481
97 23 317
225 831 622
726 164 505
501 138 497
408 296 943
589 862 941
379 851 482
580 553 85
495 907 259
316 791 334
546 296 406
345 566 351
598 274 272
334 48 676
311 66 817
641 282 486
570 32 318
799 876 753
202 735 616
122 232 730
351 231 822
217 581 64
325 859 834
685 1 859
78 72 25
717 257 456
603 440 563
760 263 604
689 367 891
129 392 149
849 433 12
165 296 116
31 441 731
100 276 979
729 652 493
783 834 88
715 845 79
761 699 701
775 653 879
782 257 534
753 437 614
760 663 564
667 156 536
229 914 862
768 144 58
439 813 122
209 564 658
862 623 655
392 876 445
837 25 784
882 120 839
584 75 483
828 605 119
869 682 432
458 415 523
828 557 190
138 723 796
352 632 768
525 606 398
164 402 857
468 236 52
918 257 737
344 438 677
232 156 126
699 368 411
314 276 412
58 193 354
780 285 969
693 4 573
125 272 135
753 481 118
760 102 78
14 365 525
3 853 285
516 521 816
356 770 940
776 545 976
749 677 470
227 788 577
738 541 29
351 578 614
570 752 96
711 251 8
801 312 406
566 259 296
875 869 167
220 44 971
337 392 853
429 366 325
340 76 548
471 407 584
696 359 718
153 590 51
467 422 226
910 243 875
133 485 195
554 730 491
693 35 742
317 576 189
810 869 74
126 322 41
375 698 107
374 926 231
238 821 648
42 202 943
96 161 907
286 652 76
26 161 939
877 374 787
693 1 215
767 42 219
483 676 39
341 131 759
195 371 426
882 771 108
53 254 511
42 373 535
105 850 108
503 289 587
57 305 112
402 365 669
786 86 698
233 578 695
579 17 74
776 899 369
842 720 941
854 364 289
565 199 886
149 580 2
307 210 102
755 246 925
152 777 166
202 334 6
827 645 125
572 198 173
37 753 620
367 204 360
222 588 394
450 42 102
50 179 611
805 798 181
89 918 342
677 561 753
405 157 725
902 633 258
207 827 915
2 237 145
386 571 862
315 613 484
756 194 856
891 116 12
783 512 835
920 868 864
229 293 96
801 921 473
157 45 894
230 711 17
505 178 529
637 388 817
779 4 366
221 679 718
194 249 920
377 275 362
525 12 545
684 623 632
774 240 368
21 648 905
310 881 740
459 658 255
193 894 953
650 19 691
282 129 844
408 703 291
341 235 74
337 550 122
506 91 734
779 546 740
875 393 652
638 595 40
907 100 355
742 143 262
53 885 358
496 892 845
174 86 822
72 197 680
359 149 69
497 186 697
765 543 337
118 457 655
634 15 1
828 321 745
355 587 810
285 617 996
619 598 392
545 837 957
71 654 688
180 304 63
79 244 824
277 292 559
628 911 3
524 500 435
363 489 754
84 739 575
302 629 614
628 751 350
15 603 830
215 150 576
772 272 973
4 419 297
138 114 523
831 817 167
158 310 102
554 761 224
29 748 295
721 325 279
497 11 686
447 755 317
567 676 423
604 696 146
166 740 963
328 171 577
501 831 888
638 195 208
412 916 227
208 66 286
640 768 374
174 391 268
845 803 685
802 491 191
127 565 255
534 188 571
259 168 701
825 213 851
823 888 841
469 265 481
419 775 950
618 244 144
778 149 441
440 782 169
422 320 848
892 387 445
802 156 69
531 410 696
894 208 501
129 423 547
828 766 302
278 697 208
373 274 239
265 638 627
849 121 790
105 82 860
174 499 291
207 826 159
578 867 692
69 335 341
52 411 334
398 650 96
837 458 361
402 591 879
615 321 319
615 578 830
467 533 292
107 539 68
797 662 267
367 7 768
282 478 657
9 901 968
537 603 78
115 267 311
285 431 674
547 520 664
203 216 421
181 228 337
160 302 726
163 242 41
14 281 440
836 704 682
51 84 737
557 419 71
509 483 34
735 569 205
541 31 651
71 218 283
16 759 122
928 565 30
473 25 9
645 432 129
160 816 379
469 302 569
644 787 327
309 580 231
134 796 12
480 748 692
267 663 771
253 760 380
47 799 897
507 621 87
879 73 168
778 237 247
748 553 784
715 753 827
26 873 839
811 68 414
543 892 17
670 278 701
176 390 145
924 666 248
523 838 186
849 167 242
302 359 275
778 676 463
245 548 142
62 748 2
52 518 535
147 63 369
156 892 787
517 797 160
249 739 597
219 387 28
314 681 936
620 429 301
555 770 800
875 674 861
391 754 493
99 833 431
354 575 35
598 503 580
509 601 616
339 332 967
315 36 139
332 779 270
715 297 701
496 635 962
354 880 467
108 645 900
552 482 731
613 925 742
316 48 157
822 387 540
441 460 919
791 603 239
263 179 37
307 557 975
35 568 488
47 225 500
652 537 919
13 602 722
218 770 848
899 770 624
262 244 20
42 139 27
245 408 498
800 190 86
726 264 393
917 436 828
11 56 330
227 702 474
196 149 253
106 333 957
711 770 850
525 306 979
913 645 939
132 809 903
363 849 389
504 799 350
161 847 860
678 351 674
45 511 733
693 750 46
255 837 931
694 37 959
870 634 416
100 437 91
848 756 217
227 561 223
418 914 748
282 200 402
837 185 204
600 832 60
840 599 891
659 661 909
457 686 38
904 368 73
152 81 792
639 355 689
639 796 467
628 154 847
797 437 752
526 912 785
718 113 14
273 84 534
897 158 32
698 715 391
215 133 215
520 912 84
337 422 295
628 898 136
193 836 92
136 573 233
58 870 908
672 472 759
687 289 652
8 143 856
362 719 5
312 71 434
800 434 562
741 234 990
323 200 417
903 531 156
226 648 584
883 463 909
769 458 453
684 788 474
715 701 169
264 699 806
196 1 540
728 546 101
680 880 173
311 368 380
642 648 185
41 867 422
436 726 944
338 602 965
591 834 422
171 257 245
535 825 970
8 413 843
418 290 410
717 662 638
7 164 60
209 884 185
725 99 614
645 849 217
261 430 587
718 914 119
75 17 371
546 708 738
485 153 148
367 667 26
61 910 725
860 894 112
492 49 275
873 243 475
432 894 830
95 426 882
744 503 579
292 919 155
675 627 864
132 437 152
782 920 159
162 857 683
584 214 78
316 532 624
476 703 582
512 486 357
636 177 119
71 877 651
33 125 334
428 356 741
684 228 759
321 224 790
732 729 743
468 791 783
533 168 869
916 81 790
633 153 30
758 588 447
674 350 624
656 202 455
220 448 633
926 524 527
417 66 937
905 656 453
897 801 888
344 30 213
243 467 810
138 273 674
804 163 996
457 144 962
504 809 846
857 210 301
525 438 828
102 802 668
205 755 620
894 245 674
63 581 903
725 253 34
252 422 388
596 533 293
473 730 388
104 832 37
439 818 518
175 723 779
394 45 235
170 477 610
67 720 150
74 815 803
801 577 350
386 195 876
547 818 113
155 573 843
338 250 759
556 818 919
785 511 11
51 373 549
511 779 6
783 305 144
438 323 603
7 111 695
312 449 363
72 812 622
328 116 160
530 555 14
292 386 996
493 632 441
541 129 233
489 662 575
771 216 673
916 72 348
102 858 954
251 396 919
299 674 465
182 799 843
377 341 352
628 914 86
586 641 295
51 731 43
656 412 682
768 170 39
594 676 978
285 375 96
515 554 100
625 175 642
500 727 58
781 114 513
864 669 122
273 720 722
921 679 268
404 279 719
416 517 956
901 484 204
913 695 61
499 587 909
797 506 387
852 10 53
367 210 473
253 666 809
65 396 978
723 85 234
702 646 867
659 12 626
74 513 867
158 360 148
179 830 215
241 659 830
863 172 446
470 752 909
776 100 618
149 112 1000
185 502 185
406 375 508
42 365 140
365 325 802
666 873 715
510 701 402
861 927 700
503 642 655
147 720 9
93 663 195
326 207 677
895 510 866
299 802 813
663 734 60
517 621 581
175 300 116
333 167 150
672 638 684
281 314 185
34 449 959
94 553 754
98 415 698
899 806 150
609 582 760
90 523 455
191 662 352
555 237 483
34 190 955
679 625 634
774 591 165
651 446 515
266 463 516
204 760 706
382 474 543
361 11 836
167 555 385
506 306 600
368 213 782
680 471 385
772 257 353
559 99 458
328 34 839
795 283 533
668 246 652
125 307 745
308 460 528
516 784 191
396 247 492
898 917 270
880 119 709
221 136 823
808 894 759
387 168 807
77 895 849
201 726 207
105 49 832
26 152 578
190 705 159
163 272 454
685 377 509
633 87 280
825 395 594
71 476 273
505 461 695
435 295 301
734 287 841
96 158 309
158 773 659
366 202 180
100 66 440
742 888 369
451 563 710
186 199 213
77 163 919
564 883 471
377 209 704
738 25 429
347 791 272
693 776 923
452 481 771
549 453 538
823 186 872
722 337 186
665 192 577
448 412 748
142 796 349
687 281 871
880 575 437
649 323 486
408 773 496
871 808 580
428 176 282
553 585 134
163 157 92
765 549 50
193 436 190
148 51 187
898 787 783
154 675 933
513 56 458
538 585 929
223 665 77
16 672 522
165 448 902
614 2 130
515 193 483
172 387 996
594 17 703
165 621 559
291 23 264
186 482 586
774 799 100
851 463 295
593 633 729
284 650 291
597 305 257
400 338 267
298 33 392
367 689 663
247 429 63
384 727 540
321 38 916
867 125 721
272 192 519
213 422 177
302 505 340
253 776 858
914 600 86
699 53 17
765 416 278
182 824 1
304 120 594
347 660 588
435 684 15
277 322 190
534 436 364
13 3 859
263 271 774
14 221 187
727 416 848
48 308 653
482 644 202
433 498 633
498 628 511
272 784 938
481 330 128
533 172 766
669 460 898
589 552 844
812 555 487
527 805 682
183 185 531
594 851 848
853 898 293
906 407 619
580 484 831
82 488 882
681 440 959
129 904 911
249 609 72
697 451 369
242 761 387
489 572 210
556 387 792
491 188 582
216 57 732
22 30 456
244 367 298
366 624 607
284 355 766
278 811 787
447 593 862
306 507 399
159 198 206
514 173 246
441 505 721
805 639 995
381 121 123
826 896 54
73 76 870
802 884 141
61 636 377
757 679 280
265 256 122
329 464 788
468 418 8
182 740 233
243 185 140
375 678 349
599 533 441
452 639 207
599 736 13
433 715 18
797 709 409
258 471 575
611 640 485
559 102 307
180 558 929
610 892 103
367 499 177
629 677 225
113 500 882
113 653 447
241 651 855
246 829 541
51 614 659
903 745 127
456 91 455
200 151 829
510 172 559
91 294 637
813 608 542
46 371 644
839 16 693
336 281 368
692 702 845
776 288 812
621 892 728
743 108 646
697 797 294
226 317 946
413 50 107
275 143 679
639 551 912
877 696 800
105 806 640
138 906 898
879 120 716
323 502 865
855 300 428
12 128 129
745 424 133
23 465 493
449 666 830
217 798 704
862 606 97
382 420 43
791 49 258
167 878 629
923 911 616
139 637 216
137 823 820
277 267 289
474 26 794
118 862 491
115 730 604
176 528 165
404 770 2
295 907 43
855 520 849
649 720 257
752 509 959
678 416 596
548 866 373
331 522 151
482 294 251
856 912 814
784 218 654
692 78 457
366 641 645
823 787 611
28 809 39
492 98 403
665 861 499
629 635 680
145 492 535
739 426 770
744 65 754
174 520 257
665 592 522
48 232 395
295 694 559
457 567 746
51 86 976
900 741 726
772 481 132
535 222 259
262 727 851
506 885 388
763 863 509
427 186 158
91 30 183
363 613 726
21 600 28
102 351 436
737 329 63
356 467 542
601 608 291
58 569 549
493 529 219
354 350 247
688 904 582
555 906 275
80 719 761
46 403 278
525 346 196
241 490 269
737 563 647
141 675 556
187 322 628
357 87 325
684 712 91
725 481 51
629 175 999
605 501 860
593 359 377
215 128 956
826 842 743
222 899 884
352 115 646
266 18 250
282 203 146
516 787 517
101 379 721
906 460 827
584 116 841
234 31 873
321 695 477
91 718 797
669 285 15
360 296 70
698 214 315
845 805 349
850 423 888
534 630 222
573 180 326
375 197 776
400 128 263
571 197 44
103 757 120
552 89 5
893 585 122
185 529 866
703 760 550
474 377 742
573 658 620
499 362 493
75 213 373
200 47 276
450 366 574
57 270 212
335 54 468
44 751 111
584 394 859
142 880 488
4 436 536
738 55 973
903 548 194
895 859 316
510 440 449
516 576 748
289 378 134
809 271 457
262 346 621
430 218 382
477 633 757
53 554 873
164 326 827
480 876 66
240 301 396
690 428 439
334 422 62
396 696 733
63 196 211
921 366 777
615 514 674
222 605 399
34 251 841
787 7 657
294 86 251
349 558 52
750 114 327
563 261 657
373 302 193
799 627 541
777 801 823
731 59 172
846 259 857
194 234 317
755 474 694
732 274 30
31 377 835
367 658 676
532 699 496
430 922 27
127 272 377
10 805 53
521 79 901
361 854 112
270 459 139
580 487 173
126 563 662
192 560 19
873 926 485
57 620 178
639 759 376
720 512 585
184 746 650
341 759 795
828 621 850
505 741 165
566 78 397
155 525 176
866 577 466
407 395 362
685 696 612
888 898 568
447 257 884
562 844 847
362 253 827
834 716 533
812 606 510
187 782 752
237 389 509
145 593 786
7 150 117
480 32 724
468 587 693
264 215 388
106 884 948
523 899 515
446 283 855
116 286 975
859 852 644
532 663 315
856 401 359
522 116 399
835 510 705
913 264 722
238 332 887
730 458 320
551 246 687
411 460 257
665 571 132
744 238 282
819 76 687
221 327 88
313 286 885
408 190 541
818 784 803
437 429 684
619 693 429
226 374 206
240 653 376
45 376 933
846 334 899
773 131 218
921 120 922
332 854 337
763 880 735
262 899 763
103 382 458
130 72 211
726 607 986
558 903 229
449 698 932
436 142 119
112 567 347
232 329 91
103 318 812
420 119 916
870 828 197
514 855 562
732 137 165
687 391 537
831 912 427
120 376 92
366 440 672
67 542 606
186 180 566
181 857 60
345 484 695
302 676 19
619 109 62
310 479 669
268 181 807
540 762 957
275 360 521
745 15 259
263 624 714
454 791 590
82 137 623
308 881 480
204 706 103
610 26 187
679 396 870
852 624 520
463 405 605
8 835 194
219 686 510
719 142 40
896 149 83
17 670 904
58 226 418
826 349 634
442 390 77
729 918 173
234 607 568
197 624 257
305 215 606
596 725 394
530 871 272
527 486 358
485 134 459
624 656 487
888 172 174
395 864 868
598 655 892
364 868 26
279 418 44
524 380 234
253 419 648
102 735 987
671 180 681
625 415 663
897 603 228
236 825 806
386 258 318
865 440 478
79 257 160
65 5 727
675 272 968
121 322 895
28 361 498
271 517 886
424 465 69
892 754 705
495 410 614
158 905 515
174 500 626
414 563 442
95 285 330
162 262 291
287 925 444
603 812 374
11 191 651
722 292 280
432 226 932
763 633 776
121 253 360
692 586 220
340 249 301
711 715 861
384 419 807
41 782 935
309 603 539
356 511 662
341 771 780
819 406 162
14 444 784
803 254 300
228 457 428
220 554 13
114 702 416
762 119 564
6 468 685
747 294 976
559 356 668
704 275 546
707 61 284
116 565 336
83 790 171
671 901 150
924 410 694
690 772 680
399 141 206
780 327 877
215 838 676
711 461 490
406 278 1000
805 20 136
514 686 103
644 111 693
863 827 48
847 514 493
874 121 382
210 305 400
99 463 497
709 685 572
631 605 359
612 47 318
664 827 225
424 656 205
359 235 258
163 815 737
899 334 166
672 760 128
542 291 342
494 444 717
239 460 527
605 305 968
379 850 569
787 320 398
344 755 26
418 890 886
739 905 957
268 377 898
900 156 894
711 473 413
264 926 673
698 394 936
491 373 346
186 837 810
97 164 757
422 92 414
127 691 375
465 580 258
450 682 848
543 383 520
683 627 298
240 629 849
140 912 50
689 642 968
781 119 640
171 102 270
358 697 783
160 88 139
203 724 134
626 887 105
190 220 149
365 723 832
150 448 619
249 327 986
780 917 952
293 523 156
220 833 825
338 423 297
352 723 242
840 633 302
296 26 141
493 149 513
473 313 366
125 742 557
212 244 678
164 234 759
63 306 809
376 332 278
705 254 633
244 119 441
743 221 902
585 914 817
553 575 816
652 825 694
809 22 996
243 91 622
693 643 75
131 819 306
316 118 781
380 358 770
644 835 692
300 97 997
719 755 261
767 593 317
493 141 442
836 704 16
506 903 890
87 143 940
799 288 336
368 746 482
617 601 997
189 397 350
544 570 528
885 489 766
179 764 599
394 551 649
731 374 438
279 178 289
581 787 170
365 120 401
865 275 377
812 174 333
632 19 289
490 888 720
8 794 29
236 299 783
616 132 621
98 869 254
473 489 325
370 187 135
344 648 79
203 617 523
544 11 793
315 807 31
107 770 890
24 187 884
533 73 510
197 885 416
146 752 304
216 583 804
227 383 426
376 460 309
540 375 69
532 775 661
489 21 395
505 140 199
486 448 929
403 138 133
623 233 826
44 878 474
903 624 715
383 58 657
834 124 160
8 664 828
800 457 659
743 591 691
510 439 605
8 38 37
551 572 996
128 717 763
30 627 662
663 560 73
679 691 813
447 454 471
672 800 634
71 251 654
282 519 295
38 648 580
389 37 213
444 771 924
342 668 764
596 875 722
815 842 353
558 752 567
282 37 559
87 807 944
245 470 188
218 306 130
389 611 510
233 374 640
641 285 693
231 379 10
123 86 931
405 881 719
758 277 820
126 629 589
752 564 124
394 259 912
656 270 562
96 201 414
250 539 280
59 129 349
435 707 873
82 692 228
241 185 564
883 152 856
439 893 631
290 387 75
536 225 126
548 278 269
762 168 763
61 503 863
462 668 152
76 624 415
549 64 172
381 789 550
463 486 212
597 64 870
256 602 594
701 108 103
825 541 65
477 681 591
804 325 72
27 309 326
684 99 362
470 713 544
222 693 257
65 704 176
479 695 458
494 45 75
158 667 244
279 536 71
341 741 192
652 383 845
844 862 804
51 668 197
402 882 90
401 789 154
301 248 835
70 473 401
798 783 214
572 843 926
575 671 239
172 636 508
598 522 581
850 691 442
519 61 360
82 749 910
35 41 238
321 373 269
687 28 949
351 614 747
241 478 126
692 252 671
340 795 510
316 462 751
787 770 369
747 365 594
373 46 976
625 901 382
96 798 599
754 297 687
556 618 640
557 605 240
193 611 664
527 449 565
200 715 531
771 49 590
766 305 277
198 435 714
75 424 698
693 189 713
655 77 153
107 383 809
848 735 349
266 520 554
260 750 147
657 672 562
130 390 791
654 568 446
790 539 920
641 210 263
288 599 232
169 601 301
808 711 182
185 658 76
895 874 582
81 225 726
895 191 532
797 796 825
849 913 60
248 827 797
368 882 476
669 195 200
723 773 573
80 306 896
87 870 266
208 299 261
654 139 486
780 241 881
820 291 201
59 454 270
185 534 672
44 192 761
205 36 525
185 182 961
557 615 219
890 511 546
554 340 848
530 920 525
52 423 208
494 557 615
923 42 155
34 529 963
280 96 922
704 813 317
646 430 137
297 719 51
771 848 63
77 527 889
222 303 743
483 558 972
4 866 284
115 458 842
333 186 921
310 459 916
284 182 736
688 188 19
835 71 578
45 544 283
320 848 389
463 572 630
258 254 238
366 181 910
310 697 390
151 781 339
792 605 525
178 600 973
46 662 485
92 174 869
894 472 402
728 651 984
171 161 158
451 303 613
28 41 971
369 723 69
817 228 743
501 741 806
810 233 160
181 39 627
837 288 891
770 227 773
331 815 533
720 420 834
18 481 711
851 866 26
455 663 852
15 319 493
679 639 10
432 230 785
694 506 341
903 32 365
315 442 45
55 264 105
25 585 508
743 73 409
266 285 5
510 280 148
810 18 759
343 62 168
313 276 327
226 903 6
267 405 675
201 717 373
72 457 374
75 127 207
677 852 442
5 843 436
165 502 774
849 643 743
467 427 535
548 248 454
184 261 657
497 51 73
365 541 199
559 874 666
167 295 448
535 871 409
42 246 43
432 621 11
407 875 499
368 788 774
874 215 644
618 351 545
93 103 784
131 167 918
792 663 994
114 162 43
661 909 874
840 587 663
610 143 698
242 677 180
827 648 97
704 170 668
567 168 605
327 658 592
44 883 187
819 354 967
186 783 346
53 729 78
850 153 44
582 666 894
183 752 698
678 534 54
64 153 228
784 415 420
292 243 543
114 724 328
642 385 507
796 356 534
591 76 55
198 267 870
405 855 468
187 438 624
750 824 149
166 197 557
607 530 190
812 638 878
26 308 753
359 204 512
741 240 537
453 357 479
61 330 225
672 450 483
477 736 822
321 473 510
303 320 770
555 635 290
837 679 533
330 148 592
379 445 30
504 869 726
446 357 243
408 35 177
30 446 612
679 875 40
846 479 23
57 875 407
181 73 737
526 2 119
567 413 788
898 896 739
26 270 596
849 141 20
492 191 826
54 50 931
760 115 616
171 317 628
745 613 975
537 803 238
578 261 373
532 272 257
476 638 216
699 927 123
232 614 521
110 187 631
280 350 511
701 818 73
323 871 228
342 170 503
620 642 774
472 648 526
54 195 299
59 699 898
803 102 742
851 578 504
92 148 546
285 24 618
564 497 757
629 494 892
348 522 820
25 214 378
548 152 800
492 796 570
22 561 616
856 666 302
685 466 258
654 2 739
96 210 810
415 299 951
669 154 539
427 400 600
138 295 251
55 224 146
697 168 283
548 255 770
361 703 944
528 39 456
459 332 981
695 642 28
155 864 287
16 392 641
446 821 101
790 156 705
396 357 730
107 458 949
263 232 672
178 775 404
461 331 379
381 700 207
520 218 50
104 12 949
9 333 609
104 255 975
12 696 827
79 715 994
103 274 777
41 719 728
695 564 263
277 41 511
392 794 320
871 526 407
244 689 225
385 218 949
760 68 490
403 317 859
611 613 573
303 544 760
155 698 600
908 404 550
253 83 3
420 696 918
549 217 980
419 129 570
602 294 382
426 757 541
364 920 71
908 251 115
906 737 161
519 463 798
133 579 494
609 841 632
419 238 576
80 145 157
917 216 444
535 7 286
606 552 755
869 581 983
346 384 88
708 333 415
927 248 985
19 498 899
584 711 446
556 659 241
115 465 665
521 648 58
807 689 860
329 13 654
456 576 590
376 455 955
108 720 342
801 867 761
100 928 63
826 300 856
901 372 478
52 523 961
199 104 626
377 238 305
355 779 941
136 778 946
417 486 92
210 813 629
699 173 114
621 908 282
432 673 302
237 822 517
73 415 318
698 87 222
447 743 797
384 157 178
678 697 863
826 86 461
231 132 72
875 679 378
264 146 724
395 836 944
458 767 779
523 443 592
621 297 778
450 549 423
75 549 530
499 761 164
745 750 968
25 339 964
354 56 549
750 326 438
328 339 696
122 200 608
104 436 423
744 880 996
890 567 258
239 122 169
387 830 114
655 765 669
759 618 414
860 914 893
684 420 963
904 704 452
88 394 188
5 452 314
188 526 862
830 891 179
31 906 667
391 32 29
394 860 335
228 696 107
850 376 422
45 240 337
465 97 496
628 923 471
68 143 245
855 362 163
809 568 160
241 229 352
296 383 421
137 615 778
681 824 461
926 77 715
403 388 616
87 803 796
475 892 610
311 616 553
354 608 390
73 123 55
118 215 127
836 735 828
714 561 468
765 97 712
866 70 347
670 236 59
205 693 473
557 222 213
538 467 494
890 146 699
789 748 85
432 233 20
906 337 724
203 549 594
544 922 493
664 172 822
803 308 294
576 200 225
156 583 294
881 752 450
278 31 591
274 710 579
342 8 769
15 921 588
553 23 582
80 624 340
84 694 763
904 338 640
10 234 605
817 866 760
713 144 411
383 616 172
440 441 455
540 284 290
261 583 811
132 723 259
92 107 332
149 1 797
104 781 815
917 12 748
163 261 174
533 690 694
243 332 370
6 901 811
754 101 313
121 104 528
920 24 678
852 74 709
3 294 45
459 659 794
926 561 868
296 591 59
760 87 921
51 31 347
449 385 105
258 6 243
243 477 198
257 303 58
303 252 710
549 485 914
127 225 26
423 707 445
5 686 111
90 595 501
11 774 493
858 521 435
553 604 222
85 1 322
67 357 247
849 458 459
372 288 415
462 139 880
44 254 277
251 195 46
358 506 202
44 816 35
804 792 707
859 606 795
16 560 949
87 436 49
449 591 557
464 340 983
290 566 1
126 61 179
757 17 641
851 837 232
860 656 645
431 466 346
867 248 553
579 744 105
869 317 735
242 793 702
226 266 394
785 93 682
61 42 106
611 326 956
307 784 566
338 487 634
481 885 205
428 494 452
274 849 536
407 731 743
183 660 305
355 189 700
480 915 782
469 9 367
842 782 910
900 597 775
415 766 560
810 604 342
724 829 494
42 138 41
55 115 276
48 687 312
837 556 496
223 213 369
262 662 54
573 548 543
29 880 946
745 809 72
570 877 513
211 363 319
767 349 565
775 519 507
87 345 964
532 283 496
880 468 55
520 707 267
595 42 299
454 173 130
604 382 705
698 522 565
839 66 491
676 227 951
848 795 92
868 72 851
63 199 878
369 580 648
527 72 1000
269 174 424
923 347 172
790 93 802
346 734 199
535 157 632
839 481 325
539 309 663
242 147 854
606 280 1
268 76 281
694 795 498
73 101 827
568 360 616
396 729 528
285 668 863
759 829 670
795 161 888
674 790 186
876 23 81
652 528 267
914 732 271
359 657 878
705 656 91
228 797 590
137 124 238
34 363 528
319 796 487
684 196 169
526 372 89
712 205 362
434 2 799
621 231 576
33 426 340
896 746 626
484 526 790
520 483 303
704 846 206
800 482 395
418 314 262
717 506 716
289 231 496
399 30 262
155 266 17
167 733 784
375 699 584
142 464 485
523 348 294
542 192 534
22 289 582
43 334 295
924 348 158
174 193 175
215 823 770
350 297 897
196 95 29
706 26 381
596 125 863
628 901 190
669 389 5
686 836 31
285 698 335
135 214 508
110 361 46
787 478 887
534 82 495
712 753 624
126 484 441
536 390 671
180 114 770
603 825 828
432 247 677
355 451 751
682 467 350
231 505 668
310 23 78
143 240 730
755 91 860
505 326 92
278 702 28
298 361 793
336 264 675
438 267 890
169 408 860
445 554 191
530 382 479
819 844 585
323 144 856
26 532 332
20 35 971
361 609 179
720 237 919
419 299 491
861 488 166
688 609 765
240 94 982
809 3 201
384 513 156
832 913 299
916 262 305
774 416 126
750 180 299
764 471 431
154 257 842
600 251 267
411 835 758
857 801 954
274 313 241
381 25 748
115 566 651
125 12 668
687 925 98
296 377 388
94 746 564
152 668 97
422 266 583
505 535 172
665 501 28
493 450 540
869 777 786
794 3 234
18 201 794
557 116 538
709 881 98
286 396 597
705 327 317
337 105 476
622 820 48
160 392 923
926 832 359
478 176 718
876 433 977
808 494 41
94 313 743
701 337 900
641 273 583
375 677 220
652 96 617
750 193 583
835 61 777
454 81 349
925 921 441
537 468 149
910 102 796
784 566 576
14 730 755
847 785 310
279 618 8
306 152 495
85 358 929
198 539 527
496 778 442
379 227 249
687 522 912
248 897 396
529 538 977
437 599 102
770 606 58
675 768 560
85 890 683
49 906 940
27 920 849
250 221 817
452 437 217
421 790 464
589 214 310
448 416 658
259 833 931
264 666 435
286 350 706
410 200 168
769 681 928
68 624 951
859 566 896
919 350 947
766 507 921
780 662 50
798 667 37
281 346 941
871 136 934
662 350 632
42 884 420
94 745 787
373 233 427
242 421 782
232 834 584
453 80 275
797 802 928
53 255 44
581 205 217
533 228 638
115 917 636
28 150 62
431 736 634
764 414 612
638 14 824
31 918 88
674 309 55
374 11 36
245 584 288
36 759 954
745 669 339
44 244 119
367 867 379
696 565 536
579 908 735
814 686 273
101 230 929
15 599 794
393 923 899
119 107 126
566 634 495
842 545 921
127 42 920
303 216 471
117 606 656
745 895 692
494 573 389
762 623 705
362 680 627
558 369 574
17 905 557
590 189 877
620 681 894
610 915 19
663 90 35
440 825 162
455 275 28
211 202 949
101 246 516
859 873 68
26 258 529
888 641 979
6 853 239
285 289 386
92 376 49
210 317 87
697 464 801
415 625 473
154 717 756
194 862 216
811 563 748
406 45 490
599 571 417
396 459 75
57 560 37
46 305 286
777 623 511
585 162 889
850 353 97
661 6 229
197 62 859
558 112 482
2 73 448
92 337 488
183 647 267
720 90 632
217 145 335
560 404 103
880 743 872
805 715 694
763 311 586
539 455 776
602 201 285
843 75 809
578 878 823
103 312 100
854 135 302
68 853 259
715 437 529
792 701 205
415 601 87
592 228 936
407 719 544
402 617 447
321 249 993
261 84 438
239 359 607
213 498 176
798 525 644
785 516 854
853 27 749
331 793 27
