1000 9899
758 90
532 86
741 50
581 527
677 704
435 327
56 246
698 301
437 263
534 927
848 114
318 26
891 308
359 890
949 412
511 527
406 937
868 204
644 317
677 435
823 524
181 548
866 364
541 324
804 522
717 660
666 678
978 916
210 554
448 91
891 737
469 443
884 705
454 417
184 709
823 397
40 4
633 907
425 718
135 911
356 737
109 646
202 312
25 481
939 981
602 825
610 284
866 754
297 661
942 74
589 690
991 798
116 68
970 790
159 200
56 743
400 553
132 836
777 649
827 867
51 940
124 718
641 458
695 187
347 41
516 798
573 731
958 603
225 565
558 369
428 366
266 17
285 275
278 953
57 364
37 910
702 604
974 481
833 787
51 842
217 630
328 697
458 840
741 11
851 711
427 996
871 696
621 549
56 803
169 516
186 682
445 975
392 293
485 478
697 30
126 927
772 712
534 955
646 161
703 80
401 276
562 823
122 782
674 937
566 635
221 970
57 921
919 393
27 305
619 699
624 723
161 587
933 829
476 696
113 338
8 194
657 811
476 559
350 16
210 639
192 926
799 158
674 762
70 915
182 761
737 630
921 639
649 936
852 161
946 154
462 155
14 762
718 846
629 305
313 963
926 891
418 562
383 398
224 269
559 395
305 972
144 78
974 918
558 209
875 959
396 364
701 727
499 419
887 780
513 449
822 373
77 386
866 521
266 211
755 771
976 564
278 618
120 266
712 974
417 310
664 881
538 854
189 810
924 675
48 502
376 995
160 528
696 578
233 71
43 173
371 808
134 4
803 463
366 109
461 359
488 411
53 109
879 177
113 818
419 847
99 739
744 236
736 691
583 589
964 465
656 802
878 123
792 354
953 481
930 432
143 397
772 867
458 465
119 2
514 918
15 199
240 153
94 324
351 191
317 507
88 797
86 312
344 391
551 358
402 514
520 394
739 30
978 826
354 96
778 974
620 267
251 488
363 242
369 933
464 895
49 551
47 52
566 784
588 888
683 596
840 645
801 641
210 487
218 821
827 897
465 960
429 165
31 881
602 991
18 636
232 868
512 854
841 142
605 189
305 794
611 532
150 240
69 875
101 590
780 31
734 388
126 19
137 896
931 106
269 623
538 904
375 641
233 120
931 251
384 150
681 896
741 272
45 673
689 445
564 831
626 592
661 63
862 848
367 82
685 969
524 457
836 75
446 928
452 444
185 41
54 267
203 975
800 635
20 382
523 353
234 790
588 329
242 39
533 679
136 226
178 613
800 436
713 988
844 50
759 385
587 272
768 406
277 768
721 458
543 785
748 805
255 375
476 608
203 408
829 420
723 673
8 154
365 301
779 555
818 695
800 150
86 439
913 137
53 694
700 695
265 15
421 434
596 256
485 834
601 430
359 795
804 757
791 985
334 540
649 992
814 298
852 217
763 398
353 408
396 71
295 814
168 254
558 815
808 9
24 989
991 519
743 166
287 140
236 548
353 768
483 977
67 558
512 824
344 765
457 802
205 644
742 501
465 351
854 787
68 140
250 747
789 172
731 1
589 774
263 181
732 42
702 726
334 250
692 699
102 886
917 185
559 884
695 372
418 256
238 385
447 159
855 114
165 517
733 594
276 789
924 905
63 79
696 856
34 835
623 135
888 422
555 239
223 373
460 105
851 776
566 493
920 655
320 427
947 758
325 694
421 227
721 421
124 666
890 500
434 366
682 24
316 782
920 873
585 723
626 365
511 642
334 862
886 155
99 247
959 581
302 312
839 243
740 628
154 371
645 924
688 999
84 240
767 285
696 498
912 662
572 285
391 403
53 940
827 969
365 650
257 772
206 289
903 389
58 400
949 538
926 316
762 448
727 694
33 942
140 838
548 91
608 806
736 235
240 222
926 728
158 870
320 353
966 713
48 124
176 1
693 612
732 14
769 60
328 988
2 645
44 8
816 113
138 69
486 445
241 510
918 526
725 804
319 23
622 404
713 600
315 381
881 558
509 741
44 85
941 568
105 296
125 821
879 156
772 570
534 969
995 435
557 488
280 428
48 696
674 658
122 924
892 136
214 100
218 363
76 125
299 678
542 358
216 328
255 553
991 229
86 285
308 271
420 961
477 656
278 483
133 420
653 685
495 249
421 505
153 996
904 876
213 1000
71 510
644 854
828 155
282 852
182 536
495 579
683 634
279 322
230 308
31 549
197 53
783 722
24 533
615 931
322 978
495 801
889 878
211 342
563 749
384 37
670 856
510 636
963 416
416 477
49 160
471 137
355 480
664 963
333 232
685 83
354 652
626 557
879 365
239 2
276 120
974 83
208 350
464 232
792 325
929 338
897 252
664 225
495 485
206 872
544 887
418 320
560 452
648 693
958 854
924 578
941 540
85 458
910 533
248 262
368 626
773 355
756 557
25 715
392 194
692 341
983 342
553 64
517 878
424 563
21 639
817 752
213 487
972 84
994 764
425 175
800 941
860 801
540 330
190 888
53 84
378 248
531 156
313 180
218 609
146 130
277 860
922 611
448 486
984 216
865 619
972 393
510 821
641 826
714 848
142 281
709 731
502 331
729 309
88 171
490 259
566 896
236 291
847 333
128 56
652 365
763 594
69 205
201 93
787 706
913 787
667 872
944 563
638 429
76 942
866 712
852 267
283 528
31 150
508 724
248 191
292 834
97 510
975 463
780 239
653 375
582 295
660 947
768 751
732 208
58 387
242 612
538 905
794 319
63 918
798 479
581 981
163 836
55 466
239 177
186 47
684 482
8 771
483 739
215 168
570 393
254 918
826 127
10 64
342 277
876 414
272 715
269 803
86 814
664 108
812 348
821 224
660 984
370 221
333 720
650 146
246 595
542 412
265 112
622 174
39 386
223 161
221 896
630 612
497 344
406 626
777 126
299 750
588 40
327 20
41 443
282 951
428 921
322 436
948 352
17 450
181 639
347 875
131 326
499 768
812 823
669 730
104 338
52 716
993 76
717 279
335 351
209 927
307 310
326 118
746 549
340 438
629 959
990 168
629 488
886 457
101 655
567 934
628 688
868 519
331 746
408 445
207 55
871 492
892 969
80 491
224 165
275 558
407 550
55 16
369 789
41 674
478 649
872 896
84 512
966 738
951 178
384 196
607 724
846 436
81 782
561 4
48 32
769 64
384 994
479 295
133 745
405 916
941 322
689 297
637 83
41 464
370 262
833 678
800 553
674 78
986 460
695 484
219 471
870 962
281 271
858 130
589 50
972 958
377 956
152 210
285 881
7 164
534 780
962 23
327 107
476 807
541 209
669 924
908 756
763 803
833 892
624 681
929 430
880 259
866 362
403 728
388 396
136 509
355 243
467 397
514 718
571 771
218 601
114 598
667 276
562 706
890 76
982 687
23 86
406 90
362 270
913 918
882 483
913 807
383 357
559 358
317 599
310 256
554 674
41 525
81 584
957 551
875 866
159 37
549 493
534 19
77 412
812 774
48 238
470 565
806 947
846 400
499 231
700 304
564 833
67 299
686 584
909 614
953 462
609 316
516 792
668 807
280 96
335 570
764 920
376 969
716 539
939 828
292 719
186 342
480 615
103 703
664 53
812 405
873 129
940 342
385 581
892 756
959 458
291 759
321 327
570 786
772 714
61 669
925 500
85 279
982 15
158 477
164 666
436 167
184 56
147 940
111 487
651 588
925 357
692 400
948 58
821 820
265 160
238 990
645 102
328 428
460 554
155 486
469 138
791 717
467 425
679 408
574 182
597 127
835 678
268 285
736 733
364 246
757 889
4 295
297 315
579 63
139 520
433 299
841 438
382 790
348 642
611 796
819 459
126 283
791 113
429 208
434 806
110 879
490 81
182 315
555 831
59 44
493 53
687 422
709 58
984 599
824 940
897 928
555 844
295 457
614 233
386 653
393 577
61 657
968 459
453 397
846 492
918 969
7 106
634 906
798 371
983 813
931 174
907 147
793 145
210 261
882 275
883 22
175 515
686 567
779 243
195 504
472 659
803 761
471 351
24 606
594 302
833 622
579 414
90 113
494 151
859 521
345 165
650 614
863 751
845 336
574 790
296 680
82 892
156 155
434 469
643 667
751 858
293 286
989 134
436 126
388 38
320 404
955 26
659 101
753 66
582 951
134 721
230 826
588 916
809 833
939 450
249 268
156 808
963 56
621 220
839 37
618 176
41 120
504 496
307 477
182 731
645 397
683 598
119 812
874 539
658 776
813 713
914 414
257 929
149 627
67 790
908 192
875 127
362 326
658 923
770 397
303 779
712 858
37 302
961 586
233 435
430 247
32 674
36 106
718 586
114 681
867 608
742 380
279 470
352 164
890 936
582 149
380 533
126 17
185 545
153 437
426 733
7 424
27 226
984 563
328 55
419 320
202 592
42 781
758 613
119 745
615 164
598 978
803 38
379 605
476 654
225 514
104 749
357 5
820 675
512 660
876 807
309 418
826 124
845 816
521 714
78 225
29 803
600 865
53 570
548 449
508 6
237 960
25 900
910 12
63 196
560 398
380 191
996 17
869 493
307 972
949 389
164 835
306 675
310 705
977 836
623 323
610 638
762 677
229 608
517 519
584 625
624 654
682 34
524 941
777 566
888 866
1000 528
503 615
441 227
866 169
575 531
658 221
930 918
330 122
331 399
79 805
649 998
541 560
486 873
400 4
601 796
14 20
403 891
928 736
5 979
49 291
654 448
508 640
805 892
899 507
267 325
875 1000
583 443
888 94
980 156
810 853
978 499
326 124
324 129
325 360
328 196
904 793
846 266
115 828
941 14
428 103
11 969
619 380
336 352
107 672
715 929
647 188
414 33
68 776
81 158
561 148
343 122
471 33
493 425
310 865
367 112
168 858
229 127
674 476
197 721
451 733
592 701
20 62
973 112
555 278
603 479
17 976
995 409
780 679
752 642
289 132
473 423
575 226
480 809
845 11
857 457
985 316
937 241
52 109
644 425
38 136
522 845
338 942
419 455
587 673
533 264
327 106
330 730
991 131
740 385
759 103
9 999
360 973
911 962
535 566
812 901
869 628
411 36
585 721
804 565
952 768
627 958
796 177
785 382
790 467
478 159
852 136
545 608
91 781
947 340
62 553
190 142
563 68
196 635
72 553
420 99
900 601
334 745
102 325
874 482
912 203
953 785
790 172
117 136
357 921
14 942
516 596
311 120
956 371
461 683
82 160
466 3
14 857
92 73
555 867
846 358
760 625
172 433
569 963
146 788
92 248
612 999
991 578
409 786
581 940
486 288
489 476
327 996
474 296
898 470
718 207
284 569
67 443
470 788
769 419
264 565
180 361
977 81
25 636
778 2
137 410
856 862
871 693
394 267
470 246
199 460
114 36
333 262
6 372
479 253
160 179
893 447
60 596
501 454
692 401
808 654
881 104
221 967
402 163
792 551
905 200
709 818
265 361
801 303
821 932
749 834
353 416
579 910
88 947
104 570
736 879
53 635
330 976
882 741
50 467
145 493
273 176
518 942
836 893
744 621
468 181
235 98
934 958
762 145
586 451
511 326
495 589
150 120
376 443
193 539
374 777
80 498
989 55
511 471
813 361
979 1
282 467
549 661
784 113
107 330
219 948
236 622
628 280
465 276
410 447
6 853
469 912
334 70
225 372
556 307
439 937
281 315
500 681
340 786
289 768
665 477
650 267
820 435
750 590
694 80
751 161
955 420
884 326
860 26
747 710
142 534
720 330
122 732
581 563
464 992
589 104
702 345
995 465
997 259
998 548
213 372
711 533
588 288
104 221
947 643
91 969
826 524
528 970
285 937
390 964
801 602
117 746
522 660
284 231
770 698
293 127
114 608
763 153
472 494
151 293
745 979
407 88
527 891
107 234
544 241
469 624
731 837
715 376
572 440
391 469
235 223
201 67
993 495
478 625
10 699
227 947
374 738
184 990
711 971
219 912
201 189
96 496
775 785
867 752
295 176
672 994
664 946
93 872
41 725
85 936
448 753
659 889
197 986
642 889
129 170
77 308
149 167
561 111
871 910
765 135
327 940
73 597
517 652
65 709
130 502
708 121
440 287
683 301
439 595
673 887
387 477
949 226
219 461
702 490
775 985
869 411
506 659
233 697
971 455
293 735
367 930
116 738
798 808
357 317
712 425
473 507
492 305
330 596
898 962
994 559
960 995
856 564
817 786
849 812
222 361
563 955
725 286
856 675
530 348
70 685
446 332
900 126
947 280
545 889
993 507
307 26
274 305
203 413
743 543
389 512
32 771
478 425
717 748
523 959
709 556
69 397
738 108
459 597
188 13
942 354
965 835
274 610
793 754
210 868
254 357
314 838
277 316
649 711
357 612
819 691
25 442
983 513
107 420
343 678
719 59
11 968
927 78
396 646
695 34
533 835
1 210
310 68
93 844
646 738
729 892
107 560
181 473
2 700
295 353
668 989
832 627
229 493
690 625
765 171
488 169
196 250
129 807
524 488
343 997
746 296
360 483
712 152
200 332
648 736
525 476
315 909
542 220
375 821
780 721
91 895
533 263
661 306
475 835
848 487
117 878
189 561
650 37
731 357
532 193
751 959
403 399
940 414
262 694
661 532
384 544
406 941
7 646
191 357
838 992
235 573
416 113
915 409
792 460
117 561
579 772
817 911
527 108
821 847
878 272
361 479
748 772
325 981
557 982
714 775
435 218
936 277
916 779
477 939
174 885
250 231
288 520
198 15
108 263
992 540
115 735
991 326
631 767
136 684
505 403
197 461
771 446
741 768
317 996
710 5
268 40
163 450
143 856
295 705
996 850
27 691
656 193
31 219
658 627
794 83
408 266
154 818
301 65
306 601
73 418
900 859
206 198
957 918
372 234
45 188
104 520
466 147
598 936
270 803
290 165
201 454
388 390
828 677
133 553
150 409
396 473
319 306
710 705
732 70
367 38
370 326
668 801
893 122
20 108
42 740
828 907
580 100
936 579
765 32
87 20
521 402
95 168
685 671
1000 143
428 392
232 25
307 617
208 34
691 911
838 802
177 793
559 995
956 833
554 381
683 19
337 723
360 780
547 544
592 619
185 359
920 750
482 291
62 452
532 315
682 104
795 923
492 882
28 106
550 163
950 841
824 89
921 801
577 199
433 591
325 969
186 401
554 177
683 991
835 680
909 401
14 335
183 684
633 841
931 566
160 828
644 849
169 375
481 37
409 256
841 261
645 585
244 844
814 208
466 450
49 362
603 783
292 218
993 51
943 933
103 136
984 682
254 12
954 334
496 964
374 997
969 139
646 539
825 865
943 763
474 666
613 429
172 37
101 153
909 648
659 717
65 760
160 532
68 997
472 742
452 324
61 261
9 273
944 180
963 80
323 177
640 157
733 614
94 780
720 331
442 470
632 391
209 202
507 429
470 19
881 344
60 795
134 282
925 37
123 253
655 844
568 679
276 959
904 352
796 310
375 3
639 886
360 872
144 693
217 993
106 614
184 214
166 26
350 839
167 311
389 777
781 567
708 617
565 224
726 925
782 99
964 770
514 773
805 258
933 221
451 611
937 154
829 412
328 6
47 67
490 620
844 383
946 838
166 343
687 915
874 758
693 933
532 684
40 162
496 292
279 157
583 179
396 95
262 754
252 865
40 49
26 236
838 797
235 222
400 937
439 456
477 181
667 877
500 202
474 941
861 47
768 147
610 337
6 580
98 701
63 701
999 97
241 895
866 694
216 479
923 549
746 896
283 898
343 550
487 674
386 393
171 677
667 568
301 794
489 10
91 330
418 22
189 985
245 973
945 783
196 135
487 896
879 386
826 122
82 282
580 45
546 141
162 130
935 825
441 73
833 735
869 9
835 121
217 690
223 396
115 271
977 152
595 537
321 412
910 756
470 63
490 301
655 160
21 912
812 637
65 768
160 252
859 442
935 303
754 176
848 169
868 164
636 200
13 945
808 583
579 952
485 837
914 79
476 636
520 426
95 154
925 589
654 53
93 485
424 110
441 548
598 342
914 369
226 185
562 319
809 655
912 338
288 604
453 126
291 879
398 529
23 188
266 819
718 565
442 368
540 505
615 919
762 313
31 230
586 107
990 457
693 874
231 799
783 900
322 737
295 514
923 513
881 843
989 256
3 639
380 793
417 257
915 766
328 932
970 639
591 365
849 262
498 364
279 843
160 749
585 284
757 566
627 185
669 420
46 925
394 130
786 640
197 735
436 825
185 255
703 837
246 912
57 578
985 608
877 722
454 685
555 338
721 110
247 510
543 701
671 392
54 410
385 751
902 852
650 181
82 947
912 26
130 817
630 724
631 261
338 940
234 921
934 468
889 261
683 212
948 208
41 404
614 971
869 626
230 960
395 669
105 797
430 378
899 797
520 70
140 431
848 401
680 652
516 18
724 349
321 710
931 541
294 563
596 151
524 660
102 488
306 229
550 320
348 808
775 549
282 74
748 457
658 993
236 757
244 152
465 669
583 409
713 275
230 110
231 771
235 452
571 174
3 458
277 55
874 21
713 145
471 225
275 586
578 817
614 83
318 620
141 266
965 267
381 212
219 249
292 635
578 928
767 749
851 540
141 842
422 649
264 567
95 411
592 667
220 628
635 543
670 114
873 134
487 6
661 341
260 338
998 574
432 731
17 579
380 225
826 354
356 330
639 861
260 4
511 558
437 663
215 518
593 690
43 657
890 276
528 895
673 378
820 511
786 59
511 780
458 152
236 21
643 495
650 209
631 956
10 976
88 36
326 34
972 496
277 550
683 623
190 525
50 416
274 536
684 807
421 711
16 495
128 681
678 433
883 641
390 553
654 446
490 461
905 868
430 841
159 117
654 433
93 913
865 120
334 485
254 428
154 791
233 246
876 536
897 933
77 445
495 146
23 571
672 823
236 782
755 774
738 712
758 655
175 989
197 629
862 889
560 135
651 80
215 113
788 415
902 99
512 425
754 344
240 490
206 671
815 823
906 241
546 72
158 258
489 617
146 314
772 538
829 983
170 180
673 75
801 126
566 318
635 975
437 378
848 63
26 791
103 301
337 574
526 984
13 571
911 102
126 15
762 652
327 44
757 663
364 165
62 171
730 337
179 461
566 715
67 728
632 947
216 70
400 381
644 16
576 998
80 533
670 708
982 746
35 539
249 115
748 115
89 666
643 233
774 909
4 405
979 193
66 762
175 460
433 165
783 653
272 101
678 477
426 934
44 505
118 654
306 316
758 862
707 728
482 439
687 470
126 20
664 517
721 564
187 112
850 208
98 557
617 747
780 235
853 939
309 653
37 670
51 150
980 546
304 3
983 861
698 862
64 899
564 772
163 985
827 302
276 24
579 321
797 650
640 203
355 233
219 94
475 968
635 598
466 796
677 837
34 969
641 215
290 319
185 83
95 688
665 729
629 648
522 114
402 369
80 38
388 231
997 293
860 739
165 403
437 350
61 706
503 173
956 593
414 399
167 474
410 650
460 596
790 744
566 727
326 328
237 291
904 426
62 470
292 351
735 949
496 498
50 409
749 281
52 639
202 44
719 449
170 526
525 136
710 140
288 605
115 626
278 120
596 227
670 962
807 574
235 947
537 763
205 605
188 877
409 104
915 949
709 477
103 66
106 162
698 558
241 905
573 890
317 672
136 753
514 513
737 125
48 198
968 439
621 906
21 29
171 640
776 830
979 793
671 55
489 485
362 893
642 859
435 971
242 791
285 265
638 905
604 233
827 330
522 308
214 256
38 594
975 995
688 227
66 267
397 945
659 482
674 49
955 607
298 950
266 296
471 753
272 969
38 828
186 746
901 498
575 239
371 517
981 836
958 712
802 345
318 994
859 360
473 469
717 842
566 401
402 186
521 450
226 790
155 286
728 460
434 363
757 591
297 33
467 401
585 726
126 694
918 395
398 801
581 376
994 80
904 998
108 116
970 363
819 271
758 474
669 555
503 757
641 870
752 47
127 185
339 40
672 352
123 215
73 245
36 975
54 390
183 872
790 304
477 75
478 444
5 820
370 640
521 339
176 841
830 295
287 111
39 352
130 21
489 167
399 726
847 577
63 581
724 897
766 28
896 400
78 2
462 413
600 574
20 484
819 988
816 694
402 568
288 820
116 864
727 256
251 715
888 372
148 27
538 751
133 713
336 459
838 205
525 931
237 901
613 250
704 778
389 480
138 160
169 526
612 294
560 329
523 351
178 708
512 236
324 602
534 957
549 465
441 866
905 19
355 932
1000 431
513 758
378 337
695 746
851 920
856 750
865 864
369 849
446 303
35 768
731 559
92 855
488 588
94 253
960 715
498 646
299 955
140 509
42 834
252 633
880 434
221 742
187 570
960 378
634 129
834 351
763 367
982 719
565 477
97 809
98 450
944 814
670 888
378 818
567 708
969 333
273 326
938 560
607 639
965 793
974 617
460 899
799 390
177 179
231 64
241 960
771 225
59 179
153 186
120 963
26 571
325 412
93 912
723 9
724 822
712 790
641 270
55 84
538 958
41 766
873 293
619 313
710 656
260 182
570 271
291 354
384 128
427 789
766 139
586 533
543 99
264 581
105 115
516 911
869 19
584 413
219 482
773 477
96 599
104 34
254 812
402 849
505 407
212 968
708 949
915 245
844 181
241 72
42 395
460 174
481 14
303 352
269 400
151 188
202 142
613 625
333 521
536 924
645 70
26 566
902 575
265 650
776 241
13 796
584 936
398 878
425 76
479 257
430 319
69 517
783 427
217 306
916 862
701 192
829 11
79 732
282 894
523 916
585 639
439 292
518 905
519 382
796 663
892 732
724 5
951 560
211 170
636 520
321 574
8 955
6 90
628 601
6 683
762 291
523 934
851 107
528 454
893 764
984 648
768 629
988 208
805 934
850 209
244 64
357 815
943 552
548 152
732 173
608 995
555 684
993 831
699 141
702 828
595 844
637 473
946 363
716 968
2 582
206 990
656 727
237 956
608 176
370 31
725 999
551 879
418 361
521 424
263 531
587 603
843 565
552 806
186 620
133 981
57 249
691 630
473 105
37 279
597 352
284 87
322 286
655 64
752 471
238 922
692 251
435 82
610 860
956 688
188 625
43 617
429 592
66 906
841 210
363 212
19 512
297 230
481 385
247 638
767 359
35 566
273 381
810 428
683 694
857 847
767 500
829 241
923 372
211 70
799 457
790 132
187 433
158 594
141 352
70 270
19 956
370 748
200 634
90 735
876 466
453 303
1 166
738 431
98 974
926 742
874 63
33 629
290 156
2 776
793 51
977 318
478 797
390 419
139 97
233 94
197 955
777 743
203 800
870 402
802 146
395 328
418 171
441 250
738 864
281 609
409 596
428 272
195 39
324 321
916 13
864 822
369 360
152 498
890 826
262 907
285 42
26 938
190 249
964 384
90 53
18 310
792 305
137 92
247 105
178 688
195 722
566 487
694 680
365 30
501 494
797 209
714 721
94 375
919 610
276 736
817 908
810 107
576 513
95 107
577 248
830 154
868 297
139 773
784 574
639 622
881 519
531 219
113 312
645 303
527 783
783 433
416 929
365 610
683 517
602 639
736 677
865 263
3 112
421 289
776 304
154 492
27 918
230 691
47 347
396 97
328 439
326 230
796 962
447 950
339 25
141 307
210 982
28 747
324 10
594 880
611 594
98 611
708 752
73 423
239 278
421 869
963 458
968 468
789 202
393 697
871 834
768 859
533 213
241 615
775 120
831 485
137 700
16 623
823 876
627 151
873 471
133 712
780 609
489 738
418 318
659 404
349 790
43 215
708 195
11 437
105 274
640 35
272 935
688 287
604 899
807 30
755 281
648 863
227 144
134 460
765 752
414 620
811 488
117 609
479 14
838 963
436 339
421 129
155 509
363 382
236 128
741 211
577 196
784 538
627 170
980 123
40 240
909 760
781 323
285 660
477 837
122 461
801 766
919 74
818 91
567 628
126 284
615 437
862 400
629 427
206 404
295 153
373 365
453 197
992 793
240 542
370 677
478 552
500 96
687 316
582 162
347 982
534 65
222 557
908 398
180 789
435 868
995 834
408 152
582 332
430 553
768 648
805 739
534 419
556 37
387 790
157 404
233 22
917 138
186 388
774 269
831 500
262 49
656 748
125 241
474 443
592 746
846 220
924 553
82 708
85 611
985 557
785 921
769 316
310 988
574 569
727 5
638 672
17 924
659 285
788 255
720 221
578 727
212 969
138 980
450 66
952 384
506 605
203 774
173 930
155 699
941 824
29 158
912 798
765 660
860 648
494 506
99 454
616 188
561 749
319 757
394 470
77 515
464 584
13 795
985 26
930 685
456 840
787 780
913 868
829 409
189 58
815 218
685 563
373 958
308 527
444 223
134 903
587 169
22 228
499 761
580 722
653 62
343 952
842 73
688 215
519 981
889 50
16 92
275 825
25 418
63 702
245 364
766 379
514 102
272 261
606 768
422 779
850 206
963 859
141 605
89 852
201 306
220 506
846 418
738 635
666 204
996 587
193 950
343 508
903 14
171 311
671 226
769 126
590 982
607 924
175 636
635 763
267 759
600 870
506 957
358 682
877 602
320 777
584 442
606 816
841 557
660 119
831 43
976 196
301 731
507 74
713 747
773 321
186 621
522 963
669 144
851 885
401 284
569 36
754 88
293 684
938 147
17 696
576 686
705 853
283 251
545 140
588 38
39 670
243 771
706 441
981 113
319 638
655 496
805 291
588 949
700 735
368 80
705 119
355 298
122 35
430 344
621 187
255 461
679 607
463 784
58 477
585 538
469 431
314 608
448 230
322 707
680 945
93 132
828 89
496 722
151 484
652 271
525 23
251 556
201 99
634 267
616 882
784 46
583 438
70 271
40 334
816 415
561 485
714 306
694 425
846 271
495 871
49 145
432 103
529 911
842 478
58 417
794 285
478 770
814 856
840 243
713 331
92 128
77 212
133 578
25 841
408 127
393 749
674 358
975 315
81 34
580 12
431 914
803 295
989 592
716 723
293 622
955 593
377 981
489 551
699 596
168 231
800 781
503 2
507 199
825 174
152 512
338 939
503 179
842 384
180 214
420 581
350 770
247 142
674 360
145 218
991 31
758 318
874 811
662 468
364 121
290 884
424 446
448 36
123 738
951 978
473 919
204 545
745 980
944 772
173 430
891 761
782 888
58 926
680 756
244 965
875 173
88 361
439 412
500 158
338 273
528 353
582 52
605 333
936 198
667 854
761 55
600 371
249 779
323 524
729 529
378 609
605 254
509 201
63 758
524 68
597 522
447 663
196 405
125 281
36 318
898 177
167 532
957 914
836 837
999 315
215 264
271 522
914 935
366 908
224 933
958 752
531 613
488 890
841 826
327 995
280 102
758 721
245 898
216 868
175 939
384 860
287 685
129 775
544 866
162 903
105 128
33 483
821 378
417 12
788 117
593 235
132 497
43 214
467 898
46 815
693 176
416 324
933 737
769 320
150 985
263 602
985 754
699 624
298 59
562 860
725 752
327 436
616 65
686 985
821 830
170 384
594 703
468 877
377 154
808 337
571 948
843 939
271 386
843 56
387 46
944 849
946 259
657 188
328 604
239 768
536 719
724 380
852 169
446 926
784 825
657 77
515 955
112 236
207 215
671 548
675 545
144 55
862 401
386 236
206 405
323 508
173 180
448 861
158 536
198 760
253 902
969 429
973 335
111 536
560 638
136 938
886 720
231 979
343 757
737 74
899 327
443 195
504 467
488 952
823 60
276 289
59 915
760 4
101 308
429 381
349 550
833 981
154 564
907 94
870 868
711 972
253 458
936 766
441 192
379 90
890 913
638 967
159 458
567 473
937 800
898 14
940 173
462 665
409 531
621 624
342 371
147 131
789 816
792 76
507 417
401 508
972 877
51 588
358 888
470 390
887 848
934 305
964 616
161 269
548 879
226 877
768 45
655 110
161 766
751 721
165 222
807 867
296 387
223 104
792 72
514 769
754 358
97 617
575 660
423 747
706 453
839 35
623 632
903 774
852 862
140 370
412 719
87 975
588 880
274 744
115 746
277 583
813 533
886 117
905 602
175 344
912 362
36 946
255 14
494 593
968 746
939 887
923 362
308 331
453 23
952 650
19 821
741 836
558 138
233 437
900 908
70 288
715 605
176 787
672 904
68 257
34 401
641 767
385 57
855 616
941 36
159 251
732 175
805 565
24 278
236 248
781 155
582 425
324 73
606 547
78 120
25 876
86 583
147 449
223 746
831 491
924 671
727 413
492 761
369 322
828 847
315 612
299 27
907 344
450 133
416 285
497 553
8 759
996 136
843 567
39 42
578 312
545 417
428 739
358 868
307 978
381 733
167 326
686 934
322 237
933 923
645 23
334 29
69 709
765 552
143 286
493 805
464 565
506 80
967 61
201 550
4 199
334 842
722 940
355 301
624 866
770 522
473 954
277 59
813 1000
795 101
562 680
966 142
855 468
880 75
648 321
948 572
110 975
314 720
55 805
463 49
678 205
325 48
600 152
141 414
128 515
778 786
239 399
427 625
524 929
482 764
286 308
345 920
53 731
415 208
310 430
558 384
318 997
543 212
945 77
429 308
893 783
950 254
202 638
930 953
868 595
903 204
281 325
435 333
799 15
693 520
200 147
25 908
72 671
651 12
871 937
655 716
490 273
73 628
502 548
699 792
920 219
253 275
465 130
656 565
677 917
290 495
703 833
673 790
482 816
401 555
321 472
721 98
198 666
54 414
129 629
303 437
706 525
807 965
555 116
139 404
178 513
144 753
825 286
904 139
706 107
934 992
907 768
605 791
806 22
511 788
496 764
389 990
429 545
506 116
327 134
274 834
492 983
826 300
960 273
687 998
635 401
451 902
141 281
360 721
515 817
143 528
939 657
395 639
433 256
896 952
507 755
326 85
757 799
667 11
870 534
925 847
250 339
235 13
128 705
184 701
349 29
6 742
597 823
413 736
984 292
32 625
624 251
620 218
684 605
45 917
192 375
241 178
931 972
974 956
59 25
686 102
893 674
634 480
768 575
73 421
20 676
59 118
900 832
667 699
947 481
836 838
709 208
413 947
938 181
555 758
242 679
573 609
81 867
535 836
357 71
964 177
479 751
784 471
90 834
474 421
774 182
640 182
270 497
966 882
716 609
938 423
133 839
760 677
815 799
376 686
569 385
272 921
848 245
66 413
88 637
87 369
90 23
57 198
989 853
12 938
786 789
290 580
683 167
332 463
601 8
262 550
857 344
311 835
223 119
703 398
545 804
784 540
178 775
216 110
93 440
444 70
669 667
547 238
221 276
313 857
65 732
49 643
363 47
812 999
884 635
979 297
248 285
946 98
508 855
605 319
145 905
455 885
889 133
338 133
516 680
999 457
177 402
433 741
228 974
780 850
876 683
751 457
515 391
152 159
25 151
558 299
391 900
447 360
450 376
963 198
55 784
992 726
962 402
892 457
698 392
517 948
833 615
113 272
786 599
863 583
220 971
651 643
552 78
877 807
753 281
860 539
437 161
536 193
972 657
539 674
995 292
248 927
620 670
23 532
622 5
623 308
203 137
919 567
284 78
416 958
233 993
169 154
151 798
455 285
178 856
812 485
131 338
874 864
273 5
701 221
773 688
136 267
302 376
235 951
952 941
148 870
684 880
705 139
452 700
911 599
477 31
153 483
376 366
529 246
457 211
942 42
957 113
163 385
861 42
653 286
380 556
785 430
568 842
823 146
898 199
721 552
684 692
284 810
546 565
448 600
505 537
127 694
329 569
813 105
618 195
712 900
306 749
292 552
422 749
495 35
426 486
936 731
612 564
303 782
426 393
834 538
449 568
46 906
141 910
716 602
347 153
95 559
993 655
355 690
30 414
825 950
418 356
238 93
864 924
114 23
846 796
850 675
711 614
695 521
219 368
661 393
556 849
336 180
32 349
416 252
470 419
806 265
954 628
294 253
646 358
316 541
469 105
380 404
810 87
374 689
448 316
216 264
198 488
476 714
41 419
249 320
764 353
105 804
658 50
990 999
646 8
246 23
728 274
123 728
515 724
58 777
476 488
728 129
340 79
416 535
386 947
357 652
984 474
533 649
606 49
93 130
884 691
64 392
700 29
496 547
44 473
504 46
192 411
159 73
658 664
861 447
590 743
477 438
689 246
672 772
984 534
949 524
128 802
367 411
583 178
7 26
889 927
11 95
818 421
379 633
37 783
741 315
732 466
54 194
862 821
696 515
381 301
475 808
901 732
722 299
997 99
267 996
513 972
916 511
721 97
501 713
356 204
507 104
345 373
642 667
714 276
186 527
5 201
888 769
47 962
104 140
967 877
824 133
462 744
130 778
863 300
973 476
340 524
742 667
252 371
53 334
476 831
77 632
757 402
329 655
325 590
667 383
260 191
725 270
530 205
398 805
11 938
909 359
13 178
105 913
434 73
252 960
679 182
403 958
297 199
796 831
946 236
268 448
714 144
342 689
36 868
535 386
848 726
887 623
32 515
715 262
93 230
246 355
957 349
260 755
766 727
641 516
920 474
20 583
477 248
11 996
729 535
159 45
576 616
267 68
414 501
522 498
428 209
458 153
288 254
306 693
370 487
289 194
750 891
819 849
399 353
833 115
134 22
906 119
674 507
713 75
484 46
250 39
976 142
670 134
378 408
358 850
143 2
939 163
137 125
526 961
479 717
332 456
172 673
862 908
948 2
877 100
859 505
222 65
350 252
846 737
853 139
35 135
788 448
114 739
134 892
491 471
93 439
610 771
147 515
244 517
939 623
145 486
335 287
983 320
948 582
404 676
585 929
487 65
219 751
651 329
177 183
767 30
36 126
311 36
677 94
542 672
10 529
582 161
875 937
125 330
897 783
606 811
455 773
941 62
413 997
767 892
571 193
383 615
889 998
376 783
122 460
237 690
989 323
702 772
647 253
464 99
300 488
674 317
380 862
626 546
526 397
432 783
74 43
436 847
884 333
208 230
872 269
953 204
869 96
160 776
218 50
254 684
312 179
195 458
739 588
686 793
670 226
950 407
19 44
377 780
66 17
929 917
895 710
189 559
544 830
143 802
695 714
644 360
757 737
223 197
893 559
427 448
14 96
18 31
424 346
243 308
584 940
74 262
238 621
666 962
244 746
894 836
781 275
538 365
588 995
300 731
570 858
89 364
884 553
120 662
961 800
122 492
17 601
822 995
914 406
573 234
899 118
168 12
829 233
904 640
653 59
502 499
395 791
1 444
97 43
102 260
951 427
634 357
823 237
883 446
846 310
774 563
353 867
564 995
984 571
917 457
205 359
477 450
885 453
816 212
907 239
637 356
766 88
756 86
738 745
188 650
10 230
979 2
931 370
936 732
224 734
352 92
745 108
929 373
954 928
441 83
996 315
356 90
11 353
285 66
656 602
641 279
128 387
384 829
811 134
246 569
651 849
564 470
655 825
696 838
532 52
498 957
830 305
264 978
302 878
964 575
158 498
217 854
311 996
904 258
118 406
981 796
507 173
803 840
611 307
846 686
283 252
697 318
810 231
792 614
596 564
874 818
340 903
565 383
368 83
739 36
99 197
374 89
395 708
433 393
913 135
876 537
913 643
352 551
313 807
151 3
374 456
891 734
430 462
986 710
311 473
519 788
102 454
773 756
69 263
164 237
28 620
145 914
244 677
438 887
444 476
961 558
121 185
88 430
91 269
585 91
36 261
41 681
940 819
31 479
138 373
638 208
180 968
54 929
384 221
662 160
208 497
150 500
867 866
798 288
690 665
448 724
239 220
59 842
274 164
395 470
524 272
530 981
750 712
552 601
862 826
391 664
689 953
657 836
994 889
759 571
636 294
945 527
745 227
594 464
304 797
631 717
816 828
786 924
147 42
812 712
591 861
108 685
722 733
971 198
607 23
635 181
999 684
873 744
820 481
783 159
550 190
588 69
692 219
195 901
184 498
758 428
389 621
951 559
477 932
813 970
26 268
134 947
174 892
875 273
303 856
714 145
536 332
518 853
559 11
856 194
490 320
861 847
787 660
22 833
154 27
410 129
16 8
932 14
220 232
97 83
595 460
724 168
178 308
452 939
514 186
930 921
254 106
606 767
618 137
747 295
93 681
77 356
138 504
581 916
485 15
512 677
750 629
162 482
825 674
628 81
241 102
274 558
421 888
266 4
270 580
915 913
399 352
111 42
827 365
920 57
6 66
797 333
724 723
584 102
731 201
569 278
73 999
536 457
510 652
333 544
78 336
725 923
683 507
464 435
172 636
983 324
74 958
57 196
521 373
227 148
221 501
30 753
731 260
308 499
672 666
946 589
88 669
53 417
401 192
905 240
744 808
285 590
39 675
351 221
681 85
504 572
840 950
982 337
613 741
252 630
734 278
681 170
356 692
195 782
278 290
735 904
61 201
528 674
268 485
71 496
588 734
86 972
518 817
903 573
637 795
504 137
126 256
330 269
810 755
110 856
583 490
775 660
888 350
898 768
159 115
344 528
262 376
407 609
836 789
742 813
436 16
949 722
309 691
838 255
859 717
506 818
215 158
516 997
8 200
362 705
517 545
989 612
404 430
208 231
638 853
660 95
807 216
848 279
737 70
924 596
179 302
708 803
160 777
33 125
640 3
678 591
373 460
826 306
685 525
778 433
824 207
221 951
350 959
348 33
427 434
212 580
731 352
768 278
347 635
540 778
941 837
105 701
342 818
398 192
630 385
895 551
71 33
454 171
652 41
270 33
598 210
882 513
120 552
339 774
586 269
114 998
27 933
780 349
193 477
356 831
16 434
344 863
221 487
313 996
244 824
451 638
110 929
25 309
980 219
787 195
395 871
511 499
685 378
408 474
816 503
338 103
357 985
799 246
840 509
324 150
804 152
936 784
245 692
266 875
656 415
234 167
425 6
126 105
547 82
386 384
106 398
755 185
747 495
486 273
797 849
292 554
595 851
962 722
360 352
432 861
620 646
688 110
689 315
566 67
163 940
437 21
664 199
828 842
726 389
911 317
289 6
74 788
509 675
916 485
315 982
802 476
702 381
885 937
696 822
373 602
856 572
684 855
256 333
27 325
692 81
416 988
169 244
778 518
412 264
70 955
899 806
247 964
23 436
303 982
753 891
145 28
872 744
602 612
622 611
901 579
386 945
630 62
191 914
832 374
948 575
862 477
19 741
741 788
978 710
889 97
619 184
396 457
101 37
58 728
244 131
410 221
304 360
197 243
226 246
681 702
25 386
776 710
905 561
122 429
864 399
885 311
262 320
242 702
870 4
363 921
214 568
713 335
716 922
552 715
443 490
950 31
293 776
38 627
962 425
375 924
860 264
440 451
369 355
189 728
707 135
357 258
512 407
307 533
470 227
398 380
765 399
714 777
829 936
302 792
263 626
44 162
159 685
555 216
404 294
191 284
346 47
403 104
990 532
369 222
207 778
744 958
691 601
990 679
458 284
900 203
649 77
355 108
339 627
817 903
527 116
235 706
277 809
776 72
62 357
134 662
122 208
840 923
621 10
130 733
670 162
169 97
153 612
344 249
110 10
460 695
927 529
134 944
356 864
337 699
531 444
42 490
689 596
984 440
987 875
736 553
953 110
323 504
451 566
624 254
384 493
331 640
124 909
984 726
664 724
628 269
700 146
993 152
679 801
353 682
375 685
980 497
694 291
78 4
816 157
384 585
767 221
897 124
241 538
258 526
390 19
618 424
394 222
881 586
530 509
6 67
444 916
935 155
470 156
141 980
271 933
897 286
627 11
648 644
189 764
171 17
945 554
214 145
877 687
470 15
273 577
163 757
994 909
759 655
150 989
707 496
530 619
734 987
570 792
165 452
38 850
384 661
541 700
441 868
854 205
194 116
426 764
488 329
970 871
159 790
360 899
213 562
721 510
551 193
443 573
248 723
361 852
394 967
624 862
731 594
202 140
919 355
244 519
795 177
579 518
504 940
892 583
922 820
944 804
541 606
567 706
930 983
335 398
671 544
675 549
948 759
164 38
681 468
600 164
983 739
931 796
770 130
295 669
145 224
7 297
279 452
173 193
953 677
111 661
535 247
387 639
101 431
687 424
304 143
242 631
207 497
41 736
957 946
286 130
548 241
181 488
914 903
885 400
962 719
409 757
194 613
159 289
517 671
662 472
759 988
389 300
45 442
237 978
932 630
837 321
21 305
315 604
87 164
641 204
997 185
582 781
994 870
398 308
951 217
702 326
423 163
485 903
670 224
547 631
986 61
38 894
648 926
319 867
527 398
627 248
4 969
561 736
630 831
276 124
365 370
759 38
100 993
342 930
606 431
6 173
56 263
356 730
505 128
268 676
182 806
808 369
496 461
867 174
995 997
320 59
247 912
675 995
676 392
835 797
966 49
35 401
109 544
221 486
260 550
763 623
286 776
550 643
426 343
295 816
256 931
778 128
904 529
809 14
232 848
585 812
987 704
804 10
718 592
386 637
336 958
335 128
581 184
177 34
875 919
128 938
898 194
917 358
343 266
477 448
979 770
230 184
747 494
840 220
860 7
12 741
157 371
272 695
510 491
662 484
508 84
685 829
635 766
512 285
586 642
399 347
722 322
940 141
137 328
856 880
768 38
971 609
898 697
494 206
846 867
741 119
176 683
539 786
303 839
798 785
233 561
604 576
358 226
972 28
241 110
518 400
234 941
765 444
187 813
227 60
814 141
304 975
735 835
322 280
308 710
839 477
313 587
665 798
127 401
8 55
817 565
869 582
122 189
394 780
144 951
19 409
704 855
848 975
338 629
931 851
296 129
204 570
903 870
939 681
853 419
390 691
912 315
865 509
205 884
375 635
369 718
279 185
463 140
355 840
107 94
325 171
550 348
791 66
188 245
454 555
889 96
391 304
585 895
785 365
406 151
799 324
343 712
434 740
739 907
387 550
409 994
367 311
495 866
353 653
157 565
966 729
742 514
129 28
958 729
315 329
842 554
555 543
884 225
243 27
794 649
863 719
137 650
963 242
176 224
929 422
883 43
646 773
354 807
802 31
692 504
593 130
591 395
794 939
882 897
561 876
513 429
622 375
293 617
20 183
521 462
406 856
668 619
940 256
65 986
327 318
493 82
556 816
975 782
137 70
298 211
616 106
512 870
730 254
821 805
15 146
19 215
332 310
139 938
798 559
587 296
606 468
454 865
381 991
60 424
978 871
157 590
479 310
1000 743
284 122
706 265
140 423
920 483
71 377
576 805
577 28
117 459
151 478
320 99
469 590
454 402
457 398
777 388
41 207
406 81
10 774
948 540
899 432
177 136
194 270
610 446
492 749
448 997
514 184
73 472
36 212
629 243
337 467
979 988
987 441
514 43
71 850
945 360
462 117
319 468
690 296
909 522
556 334
453 414
145 869
646 711
43 414
391 984
141 753
716 959
384 42
922 416
629 902
298 736
851 500
45 341
784 459
894 314
883 7
81 1
544 871
52 390
470 157
132 510
511 967
428 385
711 666
640 57
453 978
649 317
99 754
794 830
816 730
601 532
640 424
369 104
787 538
834 914
526 964
584 725
967 850
720 21
815 494
686 994
928 194
13 608
621 459
507 855
623 397
695 784
493 856
522 742
834 180
564 93
164 611
518 634
260 158
777 268
1000 707
140 500
87 689
662 593
972 409
596 477
389 591
714 800
274 641
131 24
813 556
10 939
401 764
924 331
670 867
505 453
472 314
143 993
635 758
83 480
690 136
698 655
571 631
308 855
384 28
149 725
331 734
387 320
232 885
213 734
402 680
465 753
90 769
571 341
88 397
58 256
311 86
611 628
40 395
944 499
652 50
926 657
140 798
533 785
844 119
656 538
278 756
228 551
83 383
423 286
560 800
723 364
530 904
231 573
732 486
627 200
202 773
261 464
974 744
349 963
725 972
263 407
415 964
107 785
439 758
123 549
390 937
498 633
212 864
963 1000
410 1000
251 970
773 472
649 345
189 624
405 691
483 143
213 378
989 949
95 890
740 109
882 970
453 71
411 984
17 321
276 678
260 227
263 1000
494 734
153 690
164 961
230 358
815 224
829 4
464 876
598 323
31 582
912 464
785 102
614 757
10 847
446 959
654 7
508 768
224 439
717 198
226 285
887 592
122 346
487 102
326 800
663 99
297 574
300 907
62 894
727 812
710 954
714 393
589 779
510 44
221 135
884 889
757 501
975 34
402 896
870 828
414 278
58 292
775 779
673 705
671 970
34 285
452 124
475 181
441 261
409 807
818 445
603 689
487 482
614 19
962 720
29 191
896 206
271 766
203 668
375 954
233 901
987 60
546 245
15 362
308 224
241 259
459 340
613 59
775 348
355 775
447 255
109 268
630 854
172 582
329 817
751 786
129 669
78 680
122 984
930 480
972 108
354 311
248 814
598 18
142 52
381 826
147 862
296 356
816 328
616 301
209 745
763 206
895 651
855 534
774 539
190 659
302 297
297 819
294 701
524 538
706 341
28 329
576 841
831 741
418 540
740 955
338 295
589 862
881 841
615 910
852 460
110 818
555 995
444 590
908 509
141 490
812 376
811 650
909 997
267 710
92 239
958 734
323 965
569 541
306 653
806 786
366 869
737 343
811 936
336 679
509 867
937 978
371 894
998 297
383 997
436 770
309 60
238 402
483 489
660 17
555 333
356 200
998 523
857 421
214 250
84 348
170 116
647 650
544 681
632 116
547 526
860 735
739 790
981 829
73 95
820 125
126 988
108 319
414 650
844 75
442 903
706 100
744 975
874 898
749 66
17 265
535 587
837 883
652 741
821 966
549 805
416 691
890 219
212 451
696 272
261 452
494 769
979 280
800 318
507 758
518 133
719 429
943 2
61 275
135 620
796 938
123 966
814 194
72 931
948 652
37 491
963 157
671 876
602 779
733 960
399 681
348 71
700 172
617 538
690 342
874 139
58 476
194 748
158 851
133 229
987 297
736 87
719 918
777 699
524 160
484 357
435 840
828 558
133 672
11 204
446 953
916 185
8 598
696 714
30 75
15 317
828 780
996 254
464 39
686 662
930 220
621 570
890 712
171 261
644 239
460 130
942 778
188 208
768 269
420 528
555 87
392 402
14 136
694 574
843 976
235 240
916 620
591 930
99 32
389 940
247 872
527 74
804 973
821 937
769 774
990 784
369 986
408 918
631 6
173 746
869 925
770 604
957 42
1000 595
676 406
865 459
226 135
173 396
475 670
417 954
839 859
17 160
408 547
836 739
605 314
201 940
255 225
408 594
761 100
407 668
451 532
810 641
262 492
828 579
549 292
145 550
75 677
336 611
851 196
500 926
525 315
713 43
343 352
842 385
957 944
686 246
447 262
653 471
15 962
258 609
957 801
157 365
685 447
159 291
567 422
716 988
998 171
457 711
423 494
815 984
962 636
500 547
261 882
567 471
441 59
828 929
718 436
898 723
189 542
704 878
356 49
694 841
242 136
82 993
29 230
213 377
656 784
271 89
511 612
172 754
191 342
910 256
472 812
791 918
479 107
924 228
895 658
449 12
69 747
783 163
911 926
21 868
316 852
218 626
825 458
166 242
792 701
763 146
51 14
572 500
424 124
135 662
202 49
421 273
637 843
395 954
583 165
108 203
914 402
136 622
85 80
477 139
779 609
987 706
235 345
296 739
25 427
966 352
945 677
970 879
404 777
867 765
906 759
615 75
907 146
102 26
908 425
358 496
486 133
1 195
975 323
836 152
10 275
194 724
121 620
896 336
716 881
326 749
323 999
457 530
522 438
171 300
353 577
48 49
474 503
147 455
798 234
33 316
175 67
876 938
860 295
113 750
123 370
919 914
707 172
428 443
368 572
901 372
647 272
488 702
470 420
56 88
310 733
761 789
160 246
490 773
535 945
900 210
50 740
624 698
844 439
347 713
647 980
320 379
302 447
88 967
397 473
491 258
398 850
221 693
592 311
648 105
26 389
27 100
231 508
14 374
903 864
459 718
101 976
483 42
835 874
361 931
176 279
895 826
499 557
995 656
887 646
970 94
830 74
240 895
975 227
995 737
102 341
653 91
430 172
508 660
348 973
274 1000
719 238
889 215
887 932
12 52
235 325
277 168
339 355
591 81
352 214
685 236
481 713
205 835
976 603
3 617
483 701
673 605
730 614
968 15
621 630
276 86
962 565
360 351
361 170
894 284
16 635
552 605
576 862
738 888
868 703
336 472
669 442
237 920
609 525
114 165
721 971
632 346
172 773
910 559
432 602
677 864
760 766
677 753
825 70
898 778
276 906
924 782
602 144
342 159
209 554
530 292
454 980
919 634
156 70
762 207
772 392
365 457
972 375
994 411
278 320
88 82
438 666
679 632
545 488
4 304
740 634
343 795
783 558
398 584
862 45
311 313
813 599
268 76
454 291
813 744
634 455
11 690
547 452
770 189
679 93
809 321
24 519
171 936
12 216
819 664
469 799
400 890
866 645
261 695
656 75
586 772
770 479
917 412
167 525
405 104
529 620
148 206
96 247
81 869
176 63
929 471
837 294
328 970
282 702
426 443
264 594
851 502
67 423
129 792
171 389
696 548
42 378
99 615
891 387
765 422
432 582
289 195
695 479
533 288
682 938
246 613
532 366
138 824
858 107
677 661
473 399
922 139
111 389
132 286
428 673
915 446
476 792
848 875
298 324
709 806
726 908
907 802
445 179
485 818
839 423
531 142
291 661
493 743
443 574
320 163
514 679
52 794
736 891
244 514
705 48
714 814
843 142
572 320
320 65
670 865
140 212
841 417
549 112
273 317
903 569
226 375
335 395
192 139
799 504
583 337
336 838
408 595
481 163
585 821
72 960
92 259
864 364
227 784
585 134
246 385
514 154
534 89
348 36
663 714
866 681
244 117
559 766
273 920
488 959
452 26
474 766
92 373
253 801
720 649
556 295
703 592
780 991
486 504
695 236
402 533
322 394
883 116
441 201
849 324
480 673
600 658
641 766
293 643
180 674
417 176
42 938
508 335
829 779
591 476
663 995
868 887
581 936
357 502
293 606
773 452
777 769
669 275
380 168
963 318
795 677
392 240
947 542
512 193
450 407
34 669
78 594
27 460
909 700
872 191
773 119
42 3
688 529
375 389
912 677
113 158
497 319
714 608
508 190
208 581
411 248
269 250
183 532
580 920
249 136
507 704
457 507
700 273
629 373
728 90
302 237
505 487
948 551
106 542
255 55
40 60
158 111
460 841
563 904
140 79
807 573
400 932
719 277
861 36
75 755
594 929
956 344
390 658
62 975
983 625
966 353
548 504
715 547
555 790
572 936
543 249
319 429
805 574
580 370
672 877
106 505
39 247
15 308
167 898
21 112
507 462
225 541
997 919
880 99
413 230
949 980
769 118
733 957
256 47
208 296
209 136
855 398
474 103
368 942
573 901
261 323
635 767
893 168
414 867
952 326
772 593
683 438
415 302
493 107
366 395
117 783
655 181
177 862
977 168
170 33
99 413
142 907
94 384
973 387
904 150
479 78
328 527
259 378
939 396
373 888
979 227
805 299
913 862
899 810
863 101
204 934
969 722
163 661
883 664
363 748
841 488
549 935
986 707
408 749
50 30
692 913
532 826
187 347
775 570
662 980
260 517
107 480
953 768
550 674
448 924
177 219
89 926
608 698
607 548
840 613
277 183
297 681
582 226
441 438
594 788
595 21
376 221
512 559
768 729
312 162
274 141
497 639
650 661
776 808
104 679
86 523
379 639
272 519
291 293
399 267
536 323
584 687
152 76
741 438
299 239
397 854
287 582
227 769
510 661
179 639
521 610
613 204
63 239
882 223
76 362
765 683
794 985
289 594
782 490
103 879
143 52
717 239
20 289
574 840
21 584
760 622
669 76
281 827
13 744
30 670
787 1
679 55
437 696
61 764
941 207
490 870
131 498
78 821
545 160
284 140
809 891
437 602
331 235
459 958
231 402
614 849
891 768
218 730
113 384
574 279
151 34
445 321
957 1000
395 628
933 508
793 553
666 729
870 521
329 628
328 416
255 207
883 650
315 170
749 533
110 861
491 813
921 318
6 616
111 637
516 601
278 892
709 72
476 484
236 910
699 494
956 503
401 967
558 423
634 521
764 712
515 400
495 240
116 251
432 138
65 744
255 323
103 604
768 963
225 495
751 590
772 779
63 178
873 226
641 228
551 857
60 916
246 971
564 484
582 805
160 682
604 997
273 581
831 14
143 8
385 704
170 86
833 446
871 911
502 771
506 334
39 376
995 158
597 446
959 827
742 697
749 147
949 369
130 923
203 115
648 196
54 239
387 137
649 254
243 963
389 571
430 297
969 537
930 753
606 326
148 986
397 95
922 641
999 941
696 302
256 927
730 413
818 961
378 824
14 714
236 302
343 834
998 278
44 633
795 467
157 950
196 588
947 268
473 661
383 446
420 436
897 656
954 483
19 910
872 808
999 113
477 327
651 286
548 110
509 86
970 728
864 75
779 434
284 844
49 209
883 198
721 743
777 725
225 496
664 35
873 444
394 111
654 961
9 396
816 12
564 730
621 983
638 975
822 22
668 648
336 417
994 596
993 725
298 997
890 891
488 395
309 227
935 115
206 533
389 91
66 504
910 663
420 679
778 269
212 577
820 128
713 976
199 197
150 796
313 450
889 72
854 99
694 536
74 689
325 121
600 21
313 563
28 66
614 540
952 854
237 308
882 683
293 565
189 49
246 2
584 801
70 860
127 261
623 640
883 987
153 544
631 917
182 725
753 815
184 542
439 318
226 169
724 408
961 826
981 311
640 785
131 902
335 110
466 267
30 785
279 375
482 609
654 609
892 948
641 582
179 515
816 492
604 331
54 812
864 504
898 1000
752 757
895 503
667 564
357 166
712 907
486 266
723 155
970 591
523 477
380 888
882 470
21 480
870 383
746 313
822 242
971 660
147 310
440 300
24 171
58 349
484 29
33 419
932 997
684 134
78 397
600 909
86 936
881 368
98 618
699 386
479 171
685 620
744 56
928 303
123 149
142 793
329 822
596 860
579 134
891 168
692 431
783 16
52 14
968 655
221 913
347 602
424 685
703 233
523 639
504 667
209 520
929 804
98 207
152 971
528 946
84 726
621 33
478 2
812 806
852 779
766 881
109 990
4 350
210 710
407 992
671 599
657 13
831 925
47 318
325 56
218 904
207 4
927 287
585 204
16 177
715 625
295 673
742 266
569 832
897 841
880 527
537 482
441 437
779 365
998 115
853 852
325 535
862 185
332 569
738 532
577 914
814 865
708 428
211 652
878 317
693 528
435 980
594 55
261 388
11 165
582 540
451 42
824 592
698 105
256 12
292 730
812 17
650 500
634 839
266 509
196 831
290 487
609 515
994 883
167 943
925 223
85 546
357 269
964 379
310 925
668 615
372 718
218 244
492 507
347 408
42 422
995 276
133 13
172 549
691 559
854 457
863 93
950 604
846 541
631 281
334 933
325 678
587 351
289 496
218 278
347 678
494 443
346 626
810 197
263 301
912 637
383 157
496 442
494 661
887 326
743 598
982 702
877 300
878 639
257 729
313 837
904 864
870 703
692 967
255 121
438 523
663 198
544 373
83 456
425 573
429 221
219 521
595 437
511 289
443 65
562 57
430 471
627 797
732 841
400 892
55 212
862 732
554 661
615 60
157 612
250 684
555 849
575 910
956 496
561 448
898 514
926 712
158 854
430 539
219 836
7 119
233 32
513 150
510 468
168 661
479 559
120 366
506 907
732 397
738 794
298 895
560 102
673 857
746 369
413 94
877 537
950 367
399 159
648 649
356 24
266 352
786 619
968 922
630 363
312 158
544 601
137 21
708 836
982 175
414 971
849 983
716 383
574 869
99 327
962 219
214 116
631 253
95 463
229 601
947 802
930 556
329 607
570 519
230 777
820 451
805 273
408 921
740 314
173 743
781 488
549 796
108 60
277 697
593 584
883 657
135 687
887 298
247 907
153 239
13 207
847 712
444 205
673 150
162 890
491 234
577 365
862 378
411 429
804 396
729 709
628 584
980 205
999 227
395 881
297 599
7 292
779 727
438 160
719 81
776 643
505 517
270 921
893 531
804 241
608 978
715 918
422 884
996 601
366 945
7 91
673 539
836 49
968 73
521 735
439 556
388 578
599 882
945 879
896 149
474 385
113 711
719 661
794 636
264 735
85 310
821 421
508 96
4 513
426 697
337 776
232 98
565 928
878 153
977 824
318 112
428 752
626 130
180 113
74 988
117 986
388 134
816 585
798 841
390 948
17 657
38 194
477 546
190 921
178 961
336 602
363 455
432 424
243 694
902 554
344 408
244 753
762 882
681 136
627 836
887 270
249 142
505 116
535 338
439 313
666 751
97 786
790 260
168 243
377 163
197 814
673 651
222 981
244 181
926 711
500 223
482 638
654 614
641 581
168 273
478 754
232 740
634 566
822 695
35 67
328 215
85 969
430 992
127 702
976 626
386 410
529 578
798 463
400 610
258 576
668 975
206 954
851 451
376 929
180 529
362 668
492 126
495 408
584 974
64 782
945 651
765 10
641 178
845 178
738 962
958 915
63 245
911 315
918 689
78 402
63 90
86 937
267 577
894 592
532 51
761 937
233 564
730 600
845 357
350 925
260 429
759 483
118 489
959 237
545 41
194 441
782 302
288 62
15 133
678 847
756 823
623 449
445 89
193 224
583 983
765 912
386 830
535 656
188 501
477 808
284 562
957 254
915 621
588 829
74 436
773 668
649 902
649 554
852 891
855 97
107 196
790 433
296 21
169 297
98 385
979 376
266 757
552 230
666 370
444 356
1000 844
628 640
336 768
478 607
779 654
603 834
753 816
310 308
187 59
961 720
175 714
279 981
20 649
851 129
284 774
999 265
569 944
823 701
989 275
647 173
580 807
135 89
435 983
149 205
81 143
45 647
802 24
54 373
464 63
104 982
983 456
307 539
159 538
952 356
368 603
833 551
669 217
7 982
356 244
198 785
512 28
968 974
39 449
318 8
604 545
497 411
961 308
63 348
565 186
568 146
90 346
843 808
806 188
238 978
77 624
733 277
999 677
925 258
680 603
878 290
610 900
408 958
298 510
464 522
217 726
364 115
977 716
268 361
35 590
986 562
610 230
938 689
460 685
299 873
999 792
303 865
841 394
337 698
770 918
936 402
754 649
828 128
329 855
335 432
600 95
781 54
178 461
793 728
547 457
187 470
315 29
905 891
413 616
784 4
839 550
165 563
666 104
941 210
525 275
552 399
792 274
591 54
168 632
114 326
768 679
145 856
729 572
133 539
745 243
266 188
306 685
402 556
217 770
96 377
315 729
37 956
962 901
335 699
87 42
842 813
989 650
694 649
223 442
663 841
155 906
281 763
691 876
484 982
450 194
542 738
741 138
190 128
707 502
998 149
413 383
877 826
934 259
78 629
941 969
983 306
826 635
960 569
423 923
946 580
269 497
198 409
289 403
915 451
240 367
422 209
317 485
393 429
6 970
269 322
888 826
960 711
605 739
162 275
49 799
331 358
829 507
107 255
490 653
202 25
406 391
264 444
906 33
65 159
896 925
439 325
800 461
213 616
676 368
457 62
723 823
652 201
525 85
612 980
879 952
491 779
55 138
239 601
245 296
27 621
582 153
107 315
235 270
185 533
486 376
7 436
279 563
211 361
785 586
822 486
966 538
332 578
667 731
462 453
817 202
600 742
565 540
158 962
860 168
129 200
112 896
96 261
546 379
661 154
919 906
24 81
172 825
397 924
471 367
85 473
565 943
458 749
80 55
479 177
650 239
270 244
363 258
167 340
647 718
7 687
691 614
394 560
513 558
164 686
492 339
576 678
958 48
905 132
688 532
783 871
380 504
271 752
190 873
23 430
291 690
843 65
759 173
209 785
126 762
737 567
772 210
593 939
335 330
433 502
876 30
951 620
851 301
383 740
465 933
691 83
362 295
345 534
18 731
258 106
387 274
631 693
616 754
601 322
451 615
473 759
663 126
187 417
616 769
363 988
358 138
452 859
552 41
421 960
617 581
525 458
818 340
710 974
35 66
257 204
385 55
315 434
834 594
45 101
654 641
918 338
896 421
346 484
110 629
76 701
2 824
941 427
245 558
581 964
488 813
550 833
793 204
940 101
245 991
362 473
547 989
923 974
287 623
881 532
185 237
441 91
777 977
63 244
455 334
128 411
981 631
149 507
116 578
209 288
258 802
453 917
717 200
385 669
940 425
808 791
238 836
462 618
318 252
216 354
977 965
545 451
826 674
313 589
463 967
190 773
378 45
565 327
108 502
570 687
57 592
866 198
59 522
406 365
99 205
340 225
251 390
734 465
780 451
424 92
338 510
155 220
174 872
123 576
809 79
41 213
260 625
541 512
670 956
50 29
912 320
903 514
399 823
249 907
603 775
388 225
951 278
996 941
995 626
45 935
874 257
202 642
115 927
300 251
852 312
600 273
875 873
202 533
793 910
172 445
745 389
102 58
802 964
715 849
613 390
244 479
851 369
251 589
586 974
499 139
689 850
380 926
823 796
863 851
111 30
662 410
489 754
385 479
974 267
189 721
130 187
52 351
53 2
54 485
510 747
920 963
649 267
787 39
207 785
927 512
517 772
919 656
425 308
831 100
483 202
117 913
392 26
717 974
568 145
928 43
948 166
734 659
346 624
295 521
810 195
153 764
175 87
506 122
752 382
291 586
737 526
38 501
97 943
857 917
624 952
531 340
182 736
553 396
183 601
41 160
614 807
942 286
47 510
912 285
641 881
714 153
700 468
442 452
505 549
301 383
374 351
748 424
362 383
186 175
58 928
992 922
849 421
810 519
975 195
667 178
10 659
362 142
153 478
149 812
279 441
410 312
501 320
457 867
3 427
885 355
558 59
905 971
945 22
638 357
486 246
128 872
188 558
738 583
473 407
978 86
284 875
841 854
242 685
202 920
580 394
298 603
614 77
466 840
882 397
811 907
565 370
85 738
581 813
603 365
991 109
845 232
522 221
708 160
964 202
458 871
539 71
648 651
441 915
95 541
498 100
392 689
954 723
938 316
631 473
498 247
445 988
686 778
782 453
159 654
454 522
96 147
19 27
591 651
655 314
617 260
191 313
319 884
195 698
894 454
635 498
989 988
596 662
388 51
179 672
414 747
860 815
938 993
920 620
341 259
799 928
982 510
930 669
496 73
687 799
264 351
585 765
527 198
753 835
718 899
611 81
898 620
781 375
982 728
824 606
736 750
167 817
930 861
587 185
550 271
199 695
84 917
835 951
913 865
697 826
278 61
596 40
984 41
573 328
461 750
82 229
899 205
434 678
932 441
663 315
872 954
46 299
488 931
509 83
113 743
222 680
461 976
387 770
393 705
909 697
932 750
594 509
982 578
775 80
798 243
51 778
927 789
716 552
233 828
864 250
403 246
721 23
498 136
427 140
377 809
393 12
566 153
787 348
517 971
333 730
560 354
209 340
66 503
433 984
380 283
401 378
590 386
457 120
151 562
959 203
707 354
23 676
248 302
3 164
283 235
234 963
939 420
722 812
961 108
948 158
472 79
201 567
85 217
735 54
592 320
758 381
356 705
294 651
265 919
275 261
970 212
978 736
644 917
296 59
919 13
795 3
853 677
606 962
568 647
93 180
793 742
259 222
226 279
135 947
541 684
727 949
728 973
88 300
197 118
179 919
254 377
828 56
315 215
690 57
858 986
605 138
754 944
63 674
210 914
192 393
430 887
362 105
73 410
920 445
352 207
278 827
131 209
897 915
45 245
752 536
641 406
868 561
962 554
279 820
655 765
717 276
275 257
722 170
579 335
409 587
637 93
765 8
894 372
931 458
518 222
42 687
8 531
775 197
320 773
302 917
928 580
12 695
291 21
238 107
774 7
152 274
480 943
834 818
752 663
100 223
375 71
134 384
726 238
963 744
580 405
90 324
593 262
243 670
467 530
798 570
216 274
986 826
643 631
915 506
667 365
66 876
142 169
201 723
734 327
423 988
655 373
252 950
406 477
562 351
718 319
728 139
302 162
620 489
663 191
351 563
62 546
412 597
931 767
47 377
695 885
858 729
607 258
684 989
336 883
481 126
526 284
272 191
734 131
828 476
171 835
575 881
161 461
413 642
840 434
440 800
718 439
906 517
83 252
15 867
911 806
205 689
940 804
922 299
48 244
310 508
664 961
242 694
295 384
599 726
46 722
106 473
877 746
291 297
555 532
93 717
115 45
428 374
157 336
964 64
323 88
716 993
293 816
722 359
111 142
994 782
756 337
7 835
891 506
218 64
994 993
556 920
61 534
726 296
32 260
450 111
555 208
170 126
484 786
124 233
574 991
207 786
668 256
262 561
982 96
401 211
330 715
421 144
846 659
668 183
429 645
878 288
471 858
578 164
339 744
543 549
202 144
630 368
667 486
912 399
52 690
990 88
278 308
5 516
136 717
472 293
127 175
952 623
681 87
630 18
984 384
758 246
995 512
600 208
144 86
73 112
310 359
310 100
978 309
727 722
656 49
585 237
947 466
804 73
537 338
32 900
98 628
941 208
818 285
576 279
928 538
44 213
465 147
90 158
54 922
993 882
310 789
449 877
719 465
2 608
660 366
537 29
979 688
750 749
950 499
788 394
129 787
224 671
535 425
618 291
253 580
343 158
514 430
410 1
958 937
835 62
945 546
983 494
91 222
493 158
925 81
341 794
622 133
604 912
492 474
726 454
973 357
961 357
817 761
360 892
52 82
159 798
994 743
483 118
601 831
910 473
469 55
52 961
803 779
18 49
293 505
976 309
831 920
449 171
910 72
126 845
653 730
675 894
677 212
734 287
348 590
130 697
630 348
460 636
463 815
891 800
766 908
147 634
645 391
575 602
45 699
342 747
532 783
992 968
224 418
739 325
226 368
871 320
761 916
44 496
741 852
46 78
429 62
760 726
486 945
694 787
405 437
961 749
953 685
805 948
534 82
827 196
187 101
942 247
34 496
533 794
220 491
918 876
903 248
980 541
33 712
766 42
414 479
378 489
113 937
662 464
349 939
206 972
462 378
92 449
642 900
773 446
560 5
65 633
693 89
732 863
884 454
318 484
284 268
584 282
453 959
276 984
602 162
413 321
812 867
679 106
898 975
351 501
209 484
328 210
48 550
790 876
863 366
534 102
207 714
717 830
194 451
344 492
416 969
744 781
356 627
939 564
522 532
231 470
330 997
204 236
406 310
467 196
784 642
527 842
663 154
435 403
734 21
718 702
369 683
61 341
689 916
83 389
763 615
891 554
486 962
841 209
515 16
678 460
844 391
210 768
706 925
203 9
430 773
76 985
905 945
177 90
343 685
36 415
383 700
421 863
426 715
158 770
529 926
645 157
718 378
903 220
125 70
367 458
653 642
172 637
940 246
464 199
742 174
279 932
488 205
470 877
91 120
109 35
613 211
299 23
356 76
48 277
110 183
77 918
149 505
850 662
43 487
637 190
711 603
358 897
507 89
34 843
458 527
920 792
498 828
461 392
446 36
802 324
609 822
167 378
373 545
877 913
705 800
522 726
155 259
782 220
341 52
696 29
164 595
934 43
627 519
139 791
4 203
776 36
317 200
106 721
325 881
307 410
883 955
597 965
675 903
144 845
784 675
704 682
679 547
701 103
424 237
443 859
687 52
943 158
292 44
938 715
690 75
283 675
33 535
274 994
81 704
890 986
581 243
177 245
516 337
344 546
590 579
202 640
370 542
386 347
727 702
49 51
430 912
160 621
435 826
232 255
684 659
690 316
230 205
345 789
145 881
516 640
96 225
889 932
951 212
704 729
242 774
439 992
12 739
405 816
656 658
347 65
419 588
771 739
1 568
821 361
96 438
72 296
608 362
772 931
756 338
812 412
216 691
488 440
786 515
751 89
54 507
685 972
560 348
191 182
570 781
899 689
683 38
367 977
891 219
599 138
397 644
518 118
555 96
994 704
132 183
557 658
289 500
113 200
367 695
501 353
506 9
338 308
87 564
532 423
826 836
441 997
478 83
545 788
17 403
165 107
458 231
268 15
193 370
342 605
914 306
455 726
256 904
367 910
408 863
309 853
990 712
567 753
770 917
141 212
560 752
776 397
471 608
672 758
157 862
487 423
469 680
443 69
373 268
710 901
549 265
900 933
129 691
392 928
999 473
898 130
516 725
561 452
391 67
181 411
185 984
438 506
760 100
392 670
708 396
102 951
730 580
270 675
950 65
682 739
440 650
65 739
428 347
965 396
114 500
555 384
595 899
885 179
289 84
173 966
807 302
275 425
294 455
333 419
925 191
820 907
273 113
147 227
683 501
332 29
33 216
76 26
209 511
924 180
52 83
90 394
19 138
313 425
523 554
873 545
329 579
645 83
132 58
246 392
595 857
446 734
673 266
251 354
126 882
588 99
401 79
94 236
496 75
320 185
75 660
787 879
536 685
633 751
83 650
467 299
920 489
284 827
437 859
118 668
973 825
667 114
299 854
106 952
666 262
412 926
749 611
932 197
382 148
771 65
956 195
448 938
913 752
642 430
415 499
810 648
461 748
614 434
816 453
923 443
949 610
608 871
236 600
704 625
974 794
996 758
188 923
542 574
615 92
753 63
399 571
276 310
79 291
559 629
395 416
733 802
665 2
439 955
668 999
724 539
195 207
379 570
451 89
992 339
59 652
261 472
634 776
102 802
453 668
522 255
560 6
712 494
211 934
142 740
548 559
76 344
168 915
377 815
447 195
416 381
732 5
43 958
360 202
158 413
17 543
492 319
152 726
743 950
834 974
433 815
360 857
434 448
180 236
808 717
716 494
166 11
811 450
541 245
448 300
626 511
420 898
352 968
429 716
786 15
515 599
473 824
352 935
578 237
985 149
363 217
45 543
28 381
639 421
343 872
363 118
59 401
351 985
567 569
514 423
877 385
127 102
734 26
58 603
611 813
79 963
904 651
75 885
637 821
909 134
511 907
516 504
554 567
966 967
335 26
927 294
857 542
785 265
951 444
801 712
997 558
783 947
24 756
577 536
262 338
528 68
175 675
129 15
811 567
258 685
656 528
499 3
700 314
566 55
993 288
567 18
471 185
953 426
914 992
281 485
64 915
945 830
638 925
968 105
16 534
312 397
241 473
457 437
500 526
587 874
509 712
57 447
369 381
688 247
410 933
910 602
17 985
454 694
570 135
864 936
938 355
225 866
210 679
601 555
360 151
220 931
351 347
283 273
462 992
599 225
13 766
821 167
403 498
406 919
512 127
282 737
235 579
87 418
271 299
958 467
835 420
606 481
86 773
863 466
25 525
429 560
74 289
570 682
114 606
463 881
430 362
325 880
36 741
681 232
592 445
996 71
100 748
876 298
162 847
793 599
705 355
157 968
174 990
302 19
675 535
837 235
988 518
404 615
794 171
960 95
738 348
261 971
796 636
605 236
625 758
584 358
64 674
635 859
874 159
664 473
839 719
533 992
789 342
854 443
391 94
432 21
361 113
604 475
474 688
951 166
941 396
849 373
10 129
323 90
197 573
976 880
189 893
778 138
45 505
985 966
366 79
591 402
85 557
360 100
713 544
734 858
521 501
155 595
7 978
29 54
461 427
9 58
604 573
954 540
204 147
662 18
506 423
969 773
752 403
593 325
71 82
643 597
130 544
133 443
373 806
653 692
583 951
808 419
575 723
728 650
88 89
202 225
274 658
421 321
67 933
838 402
883 775
313 953
409 314
687 203
139 609
47 360
175 295
274 948
3 142
546 828
712 524
171 929
499 300
212 516
809 475
323 651
434 528
422 845
13 460
249 631
331 74
646 700
3 586
710 567
489 433
20 911
779 106
211 540
953 339
863 944
76 422
537 140
500 582
964 309
89 446
660 78
402 714
403 223
647 448
560 490
389 464
323 340
489 636
770 64
350 575
462 470
933 612
330 523
203 779
61 681
133 108
63 495
122 937
484 816
801 210
273 857
310 668
99 475
796 339
924 152
816 65
605 125
847 768
904 84
691 300
982 509
485 827
786 40
53 551
867 47
83 540
563 358
784 521
621 228
753 948
331 282
631 911
966 176
571 672
991 263
23 17
482 885
28 393
486 853
677 52
456 648
199 688
148 710
573 99
645 534
504 973
886 490
902 403
378 693
254 962
288 661
936 1
866 862
214 946
662 421
107 430
776 569
317 647
619 11
876 341
275 923
296 670
687 434
528 89
286 377
465 217
623 148
978 57
764 746
871 774
289 676
785 735
985 546
625 920
404 83
751 333
755 902
349 937
685 975
926 459
964 154
986 382
931 467
39 214
594 395
300 258
963 66
119 410
967 634
90 218
694 943
521 444
217 725
825 22
648 569
726 342
639 915
51 602
514 388
220 847
294 194
425 369
722 521
320 585
164 682
222 352
26 663
243 647
83 986
55 606
599 290
986 805
808 605
803 606
165 192
973 617
460 444
377 362
601 323
825 466
117 360
173 710
669 222
106 763
985 148
108 29
588 791
809 966
645 360
870 745
58 575
986 758
643 331
365 539
700 255
23 53
482 793
247 539
231 182
527 965
987 828
622 573
515 901
295 853
921 478
905 725
11 610
672 696
835 916
558 147
795 290
463 464
102 304
672 535
947 415
568 1000
879 984
510 85
558 7
432 411
215 480
1 170
267 43
784 223
941 423
944 405
581 960
33 746
676 852
977 864
382 333
240 474
629 980
79 439
101 171
907 104
214 410
806 894
254 907
993 106
845 220
183 405
388 547
744 497
172 138
151 582
124 371
55 735
885 668
138 153
546 10
432 950
987 529
327 703
733 600
151 653
734 592
708 778
86 930
507 91
111 341
959 155
394 577
640 361
220 851
518 398
96 865
743 981
128 943
912 873
730 224
548 945
933 909
66 248
246 286
30 140
877 32
382 646
626 480
792 626
776 87
705 983
208 649
597 225
265 726
473 795
994 399
597 355
961 254
725 13
191 673
106 735
165 966
773 647
231 325
508 974
469 432
370 939
580 778
466 342
691 179
453 108
183 791
166 579
206 428
158 563
150 462
143 849
870 838
192 377
186 76
625 757
130 163
701 696
996 824
483 967
944 339
33 916
861 434
384 314
978 32
871 249
529 632
894 42
906 866
524 181
305 361
159 338
785 679
132 750
24 495
116 797
245 959
105 4
492 700
493 405
21 270
871 556
622 402
253 373
661 222
595 598
389 507
7 956
687 792
599 934
711 680
90 146
38 978
479 868
410 602
29 53
54 32
454 546
318 13
801 53
969 994
454 957
950 598
476 925
60 604
288 95
682 99
21 819
151 996
501 367
526 784
947 893
89 101
53 450
991 12
764 925
501 272
999 561
231 395
344 85
52 782
207 391
628 813
294 839
482 255
175 192
87 788
192 8
249 73
800 311
286 838
829 811
933 485
832 216
301 379
1000 798
361 528
771 103
900 641
409 170
396 480
711 824
192 325
111 634
137 865
707 528
275 604
2 764
519 321
559 960
200 355
843 369
360 63
147 406
918 929
902 474
171 364
932 581
594 420
794 610
209 66
941 657
926 127
603 414
440 490
556 1000
847 902
30 451
739 765
826 290
665 608
316 756
484 930
929 43
74 930
795 425
970 589
191 293
138 947
692 510
640 337
806 322
934 407
186 935
433 658
56 391
167 397
722 836
763 16
237 329
131 356
781 438
226 954
468 995
985 191
435 154
630 339
58 363
725 197
838 364
89 355
53 760
41 128
369 563
499 636
698 689
465 956
744 577
567 727
257 936
102 442
883 659
184 871
611 896
905 777
875 23
676 204
625 556
534 230
82 225
158 400
819 764
16 111
793 985
7 435
727 608
92 57
741 644
1 111
718 140
115 121
262 150
764 602
195 177
467 857
590 970
846 112
998 287
836 78
824 526
995 23
169 703
77 30
557 276
82 692
90 219
424 779
488 498
423 852
996 106
869 484
380 707
513 688
204 69
887 192
427 430
952 127
19 168
41 288
894 818
795 987
504 646
263 845
30 616
626 509
274 422
95 2
665 783
722 808
852 911
765 902
74 267
991 68
919 299
703 464
123 714
40 774
772 223
477 847
35 525
507 892
459 986
991 378
978 583
960 454
196 536
343 987
418 526
457 76
974 555
95 454
944 586
83 390
676 145
41 320
92 328
364 485
990 305
519 965
496 565
813 296
151 321
192 286
546 869
448 904
69 72
182 147
862 271
461 654
694 452
288 912
258 312
301 246
563 735
879 697
573 586
560 887
832 716
928 779
836 140
152 183
732 45
751 499
628 110
993 959
81 165
232 279
146 987
533 29
681 761
185 135
24 3
975 616
959 343
64 772
394 157
648 760
955 468
519 426
815 884
816 958
329 989
96 516
575 148
336 19
906 131
363 746
117 228
977 798
560 258
356 173
105 619
358 791
443 466
706 231
463 885
817 774
89 159
96 356
522 725
389 858
929 431
420 928
517 94
858 511
994 285
578 92
670 628
284 215
506 99
126 648
1 815
808 457
402 358
520 93
613 630
942 660
446 615
394 898
643 281
476 510
57 708
810 266
609 647
959 687
338 548
140 261
801 709
197 308
859 897
793 597
481 1
780 373
969 308
936 75
260 525
979 239
930 22
927 375
586 55
951 365
292 190
535 82
778 169
408 403
154 187
434 667
794 540
158 186
940 657
779 886
619 466
362 73
684 654
719 656
436 824
410 451
237 732
55 495
112 751
21 43
171 754
120 234
954 119
902 511
560 226
978 145
984 770
548 387
305 774
20 100
88 178
724 445
727 255
357 692
590 173
846 219
6 482
137 401
92 714
410 903
977 79
39 110
171 190
318 419
527 309
165 468
437 287
220 897
132 291
216 468
952 72
790 952
485 692
469 705
520 283
26 716
282 626
874 904
468 857
445 119
191 631
645 286
888 915
788 804
744 727
61 545
695 568
526 286
515 830
862 139
535 291
402 477
192 9
65 317
670 882
568 724
95 732
519 879
313 959
67 820
680 138
658 957
219 657
295 796
260 737
376 436
728 905
747 103
196 743
107 441
162 563
865 240
248 238
359 234
141 435
790 32
561 360
547 301
729 658
414 340
966 673
163 212
92 86
348 200
297 798
319 473
638 249
882 226
50 721
215 137
789 74
211 487
392 528
915 924
242 952
877 530
661 241
475 770
259 849
59 579
991 903
483 271
122 725
146 709
557 465
975 838
691 995
449 284
699 740
271 79
754 1
203 781
185 266
473 29
469 66
40 638
919 544
707 282
856 704
998 783
967 212
576 719
846 755
830 212
958 489
373 663
355 180
963 565
89 64
532 582
493 734
866 280
973 724
667 297
66 848
819 146
108 59
164 485
148 994
421 402
905 477
250 164
770 467
554 828
113 420
922 824
939 746
355 483
946 130
909 14
967 280
491 227
679 740
370 399
351 631
549 200
237 413
737 888
723 829
120 870
46 82
662 308
455 874
829 313
121 380
68 285
935 961
537 306
206 241
79 191
282 351
908 447
89 847
842 439
560 844
797 913
101 292
118 265
54 122
201 406
441 359
298 568
928 863
68 66
870 62
383 843
114 542
474 392
748 767
167 927
489 717
932 969
321 388
764 168
86 900
914 968
366 500
324 936
190 49
467 652
450 962
164 724
806 367
865 801
204 213
722 919
433 701
877 58
513 593
878 365
721 769
772 442
942 526
193 29
998 954
142 214
53 569
517 394
645 197
541 276
191 655
658 175
917 837
481 395
815 90
14 319
454 70
75 831
661 968
490 378
421 744
942 458
637 818
619 203
396 474
418 638
996 951
188 852
705 422
679 610
796 539
583 445
509 272
240 555
331 836
885 181
408 295
580 581
211 410
589 657
257 198
96 106
386 482
154 838
158 774
345 829
769 163
9 628
257 119
828 650
651 131
889 908
525 678
262 426
336 405
276 68
258 603
707 888
465 5
858 500
732 477
794 552
104 850
821 273
894 377
431 622
699 893
449 698
566 255
485 300
481 777
431 751
33 20
308 154
498 824
996 15
115 617
117 903
854 20
566 408
34 553
734 558
551 460
760 732
904 159
834 64
448 267
229 666
782 160
223 613
930 623
447 878
526 165
35 714
598 267
982 682
218 719
148 922
117 507
100 751
683 664
670 934
624 112
201 897
734 245
884 642
379 188
64 391
547 466
892 865
838 159
364 458
425 602
966 299
791 308
249 751
2 871
290 813
98 988
82 57
746 976
709 236
806 958
515 447
714 446
99 774
499 224
968 57
845 877
992 431
409 697
285 278
826 42
804 89
441 8
924 755
29 785
33 470
569 260
971 680
328 694
38 577
906 213
302 954
638 670
307 608
643 922
494 246
132 413
721 379
651 875
618 746
975 16
983 438
238 251
989 833
631 352
104 251
524 72
603 195
661 559
935 128
99 416
246 305
568 153
566 612
125 652
222 318
543 860
178 896
785 636
717 601
443 556
761 537
148 975
574 141
813 939
596 461
15 381
216 17
511 384
627 773
331 448
170 590
22 357
672 260
212 69
654 148
794 450
353 658
719 438
30 292
160 111
979 285
268 70
202 462
993 457
420 488
885 252
392 981
637 619
92 416
650 604
137 871
724 813
11 906
802 627
984 594
676 904
846 376
443 295
874 1
286 147
270 820
660 388
770 324
797 573
745 244
837 300
312 473
132 716
703 695
794 753
67 401
451 14
15 657
362 735
915 927
641 491
989 530
690 856
920 7
243 368
885 673
797 351
634 867
671 314
86 782
413 86
206 90
275 429
793 424
411 573
105 256
164 979
128 345
493 153
885 963
869 462
601 608
284 340
525 214
622 142
234 823
169 908
646 142
706 189
48 575
982 22
117 503
994 736
939 289
632 717
501 464
263 875
458 293
97 739
8 108
160 423
218 613
107 570
188 269
703 446
616 336
526 157
655 315
322 539
577 91
809 48
782 954
839 226
108 111
10 812
407 947
218 822
611 821
870 546
227 572
176 570
16 467
59 343
390 541
173 163
857 518
40 360
171 910
483 944
211 385
277 246
774 150
376 175
23 44
513 296
988 78
185 911
901 833
247 155
611 753
150 479
64 540
148 244
206 977
9 443
228 777
103 635
842 761
440 281
441 898
59 753
150 680
928 574
176 476
911 303
590 234
993 748
775 364
890 640
530 561
324 748
474 171
203 859
76 171
51 607
848 35
559 63
431 296
143 484
22 735
830 102
907 640
725 276
874 958
985 511
895 580
159 910
424 329
167 435
243 825
283 158
639 579
658 62
416 829
115 602
308 763
289 233
98 147
817 549
448 462
20 978
469 296
142 326
456 969
630 189
832 356
320 8
221 328
404 728
222 163
64 13
376 271
308 904
990 164
459 556
98 356
463 44
447 875
906 328
115 539
10 597
436 50
638 431
440 486
427 516
802 584
487 376
514 116
755 728
737 101
223 918
945 355
421 858
461 797
873 357
836 895
175 687
419 377
314 1
287 822
309 266
439 923
488 163
654 938
452 262
570 417
309 443
534 716
774 223
694 6
312 256
440 309
424 858
132 555
43 240
116 986
264 739
411 628
342 428
950 303
299 411
87 344
659 331
329 940
290 698
203 839
868 115
497 405
962 232
817 683
412 201
394 588
587 733
859 272
436 199
755 419
144 768
561 374
312 916
907 902
820 109
881 73
19 198
166 43
652 870
467 536
143 361
91 680
94 281
297 57
631 82
961 66
549 843
933 236
356 485
626 963
216 54
930 846
79 653
83 326
563 208
567 744
108 147
507 883
476 367
503 658
516 329
295 890
757 187
813 761
802 650
827 805
511 308
561 693
631 122
183 54
439 168
758 910
176 800
12 190
385 20
439 895
442 111
970 431
851 137
708 262
598 918
540 912
823 119
37 686
149 100
759 885
44 126
323 945
438 386
492 994
618 422
466 955
641 101
510 560
133 705
775 150
392 453
177 517
52 439
417 118
94 814
981 638
600 963
342 456
26 416
475 681
665 649
156 260
319 968
985 740
624 806
566 347
949 65
130 875
740 90
156 187
420 736
440 158
191 403
112 868
105 726
991 248
247 152
86 611
308 268
717 360
757 603
890 380
952 791
8 175
136 356
781 326
356 647
31 637
195 771
145 490
809 3
113 446
288 542
435 417
2 260
738 26
353 248
766 628
969 470
608 626
314 645
704 5
577 265
647 438
62 851
504 235
495 951
206 318
962 936
23 7
879 541
221 195
261 700
887 818
11 909
837 9
824 936
987 436
895 263
59 921
41 758
44 211
926 305
927 24
729 769
253 67
861 260
132 830
315 352
851 274
855 362
529 746
569 581
934 250
589 442
66 301
276 125
135 458
873 95
949 786
972 661
944 998
307 718
447 829
20 233
591 626
404 264
149 451
835 36
346 77
746 393
553 891
823 543
49 963
320 754
431 678
125 589
96 701
658 313
758 180
34 767
878 484
995 706
627 475
523 545
971 147
669 840
502 894
888 834
795 798
248 737
729 22
51 62
507 576
382 556
183 517
390 865
799 719
819 5
917 912
993 266
921 597
478 338
852 187
65 953
123 513
330 173
645 530
541 705
226 534
699 989
35 368
922 43
883 660
844 950
519 994
956 216
577 277
603 789
317 547
528 462
729 579
343 647
284 905
220 114
996 755
617 738
637 767
729 748
343 372
422 877
742 90
546 858
515 502
93 670
78 114
766 191
449 547
103 634
587 837
802 539
238 487
898 564
654 552
274 883
821 428
949 231
241 274
313 125
66 351
690 773
655 821
510 810
631 442
471 581
536 210
924 841
734 561
89 128
517 214
595 14
646 591
566 557
809 808
113 139
616 318
22 574
601 63
92 950
255 474
112 92
991 470
723 524
316 78
120 567
338 530
209 922
374 508
620 508
198 46
628 919
349 178
867 301
939 712
804 346
842 21
248 330
671 522
454 776
247 644
340 282
602 949
514 339
988 414
255 137
865 205
231 670
250 523
35 253
148 452
871 101
371 309
577 610
119 979
482 742
983 522
659 944
568 859
716 144
941 18
764 667
31 30
436 622
970 738
940 974
978 25
172 96
135 108
525 676
563 593
824 719
141 731
471 180
868 568
353 605
394 9
909 726
552 621
475 942
778 147
271 882
203 536
186 294
722 308
742 819
247 371
17 988
300 498
703 940
206 716
372 764
270 297
454 570
716 231
721 133
834 956
247 401
48 617
506 285
658 86
700 789
845 284
665 974
777 4
765 581
117 350
437 730
352 890
132 104
596 725
977 573
523 617
914 38
701 302
631 45
243 788
579 942
549 842
678 38
679 423
317 150
880 494
843 242
809 38
304 450
669 594
212 35
602 631
325 780
58 905
114 829
889 379
335 423
637 867
732 601
344 219
399 954
736 540
666 379
387 374
338 280
178 433
588 612
718 813
297 517
802 762
221 254
314 960
325 889
780 621
750 783
415 194
241 781
383 606
520 762
815 839
119 804
693 757
418 981
36 388
206 108
393 689
191 835
788 270
536 505
573 732
410 928
686 421
564 757
656 648
954 997
135 374
659 392
660 183
590 176
747 887
60 932
53 10
470 197
5 151
336 242
47 620
213 340
855 133
638 751
111 373
958 150
321 243
240 493
683 173
777 32
82 812
748 589
293 462
403 642
924 32
735 840
412 460
269 341
806 4
364 100
22 998
630 331
814 386
943 90
93 467
496 259
459 649
481 433
889 300
942 294
190 523
908 850
558 884
41 825
848 711
387 453
670 896
783 675
718 760
386 23
68 405
641 619
658 971
552 90
268 907
828 511
872 823
871 59
231 984
876 403
823 180
475 298
921 180
46 533
580 415
908 120
995 901
970 683
884 53
543 186
410 546
304 97
103 371
175 870
328 103
236 784
609 490
662 348
443 406
797 571
210 375
546 509
585 321
698 160
384 56
51 402
225 594
581 789
967 764
56 992
608 157
171 497
488 11
307 721
756 700
777 785
946 904
547 763
369 203
294 328
243 400
815 670
427 297
602 201
582 931
416 198
825 110
275 141
481 928
281 7
781 572
397 307
270 3
367 721
498 544
448 373
929 459
194 361
857 223
285 606
809 860
57 551
577 168
7 429
790 532
900 444
10 970
592 237
982 720
417 964
588 895
193 115
274 755
577 458
600 429
729 311
92 753
383 466
210 644
482 993
67 789
265 861
253 546
770 226
701 794
582 7
802 978
956 328
909 894
861 69
258 336
831 701
576 342
76 658
917 452
8 56
675 110
814 848
422 931
441 356
206 932
707 897
855 265
489 400
346 299
272 698
147 438
262 37
634 786
157 273
570 122
350 738
208 215
891 458
690 947
237 852
328 752
494 61
650 5
7 90
85 480
690 770
927 563
660 990
263 236
351 365
613 922
480 778
265 114
998 716
125 592
844 162
493 12
539 692
798 695
786 871
109 60
535 928
848 180
77 606
619 755
594 202
765 529
143 279
869 595
883 121
749 509
643 400
991 504
396 1000
577 180
960 316
446 591
383 144
899 843
634 190
691 45
805 29
148 880
774 996
574 474
649 993
339 903
333 3
41 881
369 684
443 933
995 752
317 244
344 990
532 921
718 560
884 360
763 749
130 216
136 889
157 689
114 153
514 114
591 64
405 67
349 990
980 457
608 904
310 64
847 155
64 634
550 894
701 110
594 70
738 984
229 481
875 563
16 524
589 321
383 872
224 751
892 706
342 307
894 380
660 156
916 6
384 927
884 434
209 142
